"function evaluation" "current f(x)" "best-so-far f(x)" "current af(x)+b" "best af(x)+b"
1 259.874100 259.874100 -202.215900 -202.215900
6 236.060420 236.060420 -226.029580 -226.029580
11 212.460740 212.460740 -249.629260 -249.629260
16 177.391396 177.391396 -284.698604 -284.698604
55 172.977258 172.977258 -289.112742 -289.112742
57 169.084890 169.084890 -293.005110 -293.005110
64 152.749351 152.749351 -309.340649 -309.340649
75 151.563238 151.563238 -310.526762 -310.526762
125 129.827885 129.827885 -332.262115 -332.262115
162 125.498418 125.498418 -336.591582 -336.591582
163 117.357620 117.357620 -344.732380 -344.732380
194 117.273381 117.273381 -344.816619 -344.816619
196 115.271120 115.271120 -346.818880 -346.818880
407 115.022367 115.022367 -347.067633 -347.067633
486 114.974284 114.974284 -347.115716 -347.115716
535 114.816671 114.816671 -347.273329 -347.273329
835 114.640538 114.640538 -347.449462 -347.449462
972 114.615468 114.615468 -347.474532 -347.474532
1045 114.594927 114.594927 -347.495073 -347.495073
1181 114.584021 114.584021 -347.505979 -347.505979
1191 114.573553 114.573553 -347.516447 -347.516447
1232 114.541998 114.541998 -347.548002 -347.548002
1259 114.509677 114.509677 -347.580323 -347.580323
1276 114.495008 114.495008 -347.594992 -347.594992
1358 114.457043 114.457043 -347.632957 -347.632957
1513 114.425729 114.425729 -347.664271 -347.664271
2051 114.423135 114.423135 -347.666865 -347.666865
2077 114.422380 114.422380 -347.667620 -347.667620
2284 114.422238 114.422238 -347.667762 -347.667762
2299 114.420501 114.420501 -347.669499 -347.669499
2445 114.420479 114.420479 -347.669521 -347.669521
2475 114.419032 114.419032 -347.670968 -347.670968
2874 114.418627 114.418627 -347.671373 -347.671373
3131 114.418603 114.418603 -347.671397 -347.671397
3182 114.418484 114.418484 -347.671516 -347.671516
3201 114.418331 114.418331 -347.671669 -347.671669
3492 114.418316 114.418316 -347.671684 -347.671684
3600 114.418302 114.418302 -347.671698 -347.671698
3731 114.418284 114.418284 -347.671716 -347.671716
3848 114.418283 114.418283 -347.671717 -347.671717
3899 114.418281 114.418281 -347.671719 -347.671719
3954 114.418281 114.418281 -347.671719 -347.671719
3982 114.418257 114.418257 -347.671743 -347.671743
4255 114.418253 114.418253 -347.671747 -347.671747
4573 114.418252 114.418252 -347.671748 -347.671748
4715 114.418251 114.418251 -347.671749 -347.671749
4746 114.418251 114.418251 -347.671749 -347.671749
4942 114.418250 114.418250 -347.671750 -347.671750
4975 114.418250 114.418250 -347.671750 -347.671750
5009 114.418250 114.418250 -347.671750 -347.671750
5184 114.418249 114.418249 -347.671751 -347.671751
5532 114.418249 114.418249 -347.671751 -347.671751
5647 114.418249 114.418249 -347.671751 -347.671751
5649 114.418249 114.418249 -347.671751 -347.671751
5794 114.418249 114.418249 -347.671751 -347.671751
6000 114.418249 114.418249 -347.671751 -347.671751
6140 114.418249 114.418249 -347.671751 -347.671751
6236 114.418249 114.418249 -347.671751 -347.671751
6348 114.418249 114.418249 -347.671751 -347.671751
6578 114.418249 114.418249 -347.671751 -347.671751
6701 114.418249 114.418249 -347.671751 -347.671751
6758 114.418249 114.418249 -347.671751 -347.671751
7133 114.418249 114.418249 -347.671751 -347.671751
7189 114.418249 114.418249 -347.671751 -347.671751
7356 114.418249 114.418249 -347.671751 -347.671751
7517 114.418249 114.418249 -347.671751 -347.671751
7539 114.418249 114.418249 -347.671751 -347.671751
7674 114.418249 114.418249 -347.671751 -347.671751
7796 114.418249 114.418249 -347.671751 -347.671751
8072 114.418249 114.418249 -347.671751 -347.671751
8256 114.418249 114.418249 -347.671751 -347.671751
8464 114.418249 114.418249 -347.671751 -347.671751
8636 114.418249 114.418249 -347.671751 -347.671751
8742 114.418249 114.418249 -347.671751 -347.671751
8815 114.418249 114.418249 -347.671751 -347.671751
8892 114.418249 114.418249 -347.671751 -347.671751
8925 114.418249 114.418249 -347.671751 -347.671751
8983 114.418249 114.418249 -347.671751 -347.671751
9023 114.418249 114.418249 -347.671751 -347.671751
9181 114.418249 114.418249 -347.671751 -347.671751
9239 114.418249 114.418249 -347.671751 -347.671751
9468 114.418249 114.418249 -347.671751 -347.671751
9608 114.418249 114.418249 -347.671751 -347.671751
9621 114.418249 114.418249 -347.671751 -347.671751
9920 114.418249 114.418249 -347.671751 -347.671751
10201 114.418249 114.418249 -347.671751 -347.671751
10285 114.418249 114.418249 -347.671751 -347.671751
10468 114.418249 114.418249 -347.671751 -347.671751
10904 114.418249 114.418249 -347.671751 -347.671751
50000 114.418249 114.418249 -347.671751 -347.671751
"function evaluation" "current f(x)" "best-so-far f(x)" "current af(x)+b" "best af(x)+b"
1 1604.723838 1604.723838 1142.633838 1142.633838
2 489.320350 489.320350 27.230350 27.230350
4 295.228625 295.228625 -166.861375 -166.861375
8 115.517547 115.517547 -346.572453 -346.572453
44 113.469313 113.469313 -348.620687 -348.620687
57 112.068922 112.068922 -350.021078 -350.021078
66 110.867536 110.867536 -351.222464 -351.222464
78 108.759115 108.759115 -353.330885 -353.330885
94 107.576471 107.576471 -354.513529 -354.513529
103 107.022080 107.022080 -355.067920 -355.067920
126 100.635808 100.635808 -361.454192 -361.454192
150 98.781171 98.781171 -363.308829 -363.308829
151 88.693749 88.693749 -373.396251 -373.396251
195 87.535557 87.535557 -374.554443 -374.554443
201 84.342802 84.342802 -377.747198 -377.747198
212 74.782737 74.782737 -387.307263 -387.307263
236 74.649488 74.649488 -387.440512 -387.440512
239 74.076682 74.076682 -388.013318 -388.013318
278 73.334721 73.334721 -388.755279 -388.755279
293 73.214838 73.214838 -388.875162 -388.875162
296 73.055365 73.055365 -389.034635 -389.034635
350 72.949645 72.949645 -389.140355 -389.140355
363 72.628256 72.628256 -389.461744 -389.461744
407 72.096337 72.096337 -389.993663 -389.993663
615 71.903837 71.903837 -390.186163 -390.186163
618 71.458854 71.458854 -390.631146 -390.631146
742 70.966409 70.966409 -391.123591 -391.123591
756 70.951781 70.951781 -391.138219 -391.138219
951 70.901821 70.901821 -391.188179 -391.188179
1071 70.855197 70.855197 -391.234803 -391.234803
1097 70.805714 70.805714 -391.284286 -391.284286
1377 70.776671 70.776671 -391.313329 -391.313329
1626 70.773681 70.773681 -391.316319 -391.316319
1632 70.714300 70.714300 -391.375700 -391.375700
1665 70.694142 70.694142 -391.395858 -391.395858
1694 70.670138 70.670138 -391.419862 -391.419862
1737 70.663863 70.663863 -391.426137 -391.426137
1897 70.650372 70.650372 -391.439628 -391.439628
2233 70.646577 70.646577 -391.443423 -391.443423
2243 70.646243 70.646243 -391.443757 -391.443757
2376 70.643816 70.643816 -391.446184 -391.446184
2477 70.643794 70.643794 -391.446206 -391.446206
2513 70.642187 70.642187 -391.447813 -391.447813
2818 70.641619 70.641619 -391.448381 -391.448381
2957 70.641526 70.641526 -391.448474 -391.448474
3239 70.641418 70.641418 -391.448582 -391.448582
3436 70.641405 70.641405 -391.448595 -391.448595
3531 70.641380 70.641380 -391.448620 -391.448620
3574 70.641380 70.641380 -391.448620 -391.448620
3587 70.641314 70.641314 -391.448686 -391.448686
3804 70.641308 70.641308 -391.448692 -391.448692
3907 70.641302 70.641302 -391.448698 -391.448698
4079 70.641280 70.641280 -391.448720 -391.448720
4442 70.641280 70.641280 -391.448720 -391.448720
4474 70.641276 70.641276 -391.448724 -391.448724
4800 70.641276 70.641276 -391.448724 -391.448724
5400 70.641276 70.641276 -391.448724 -391.448724
5451 70.641276 70.641276 -391.448724 -391.448724
5481 70.641276 70.641276 -391.448724 -391.448724
5512 70.641275 70.641275 -391.448725 -391.448725
5646 70.641275 70.641275 -391.448725 -391.448725
5730 70.641275 70.641275 -391.448725 -391.448725
6037 70.641275 70.641275 -391.448725 -391.448725
6073 70.641275 70.641275 -391.448725 -391.448725
6277 70.641275 70.641275 -391.448725 -391.448725
6376 70.641275 70.641275 -391.448725 -391.448725
6519 70.641275 70.641275 -391.448725 -391.448725
6571 70.641275 70.641275 -391.448725 -391.448725
6595 70.641275 70.641275 -391.448725 -391.448725
6831 70.641275 70.641275 -391.448725 -391.448725
6900 70.641275 70.641275 -391.448725 -391.448725
7044 70.641275 70.641275 -391.448725 -391.448725
7072 70.641275 70.641275 -391.448725 -391.448725
7152 70.641275 70.641275 -391.448725 -391.448725
7356 70.641275 70.641275 -391.448725 -391.448725
7384 70.641275 70.641275 -391.448725 -391.448725
7771 70.641275 70.641275 -391.448725 -391.448725
8172 70.641275 70.641275 -391.448725 -391.448725
8243 70.641275 70.641275 -391.448725 -391.448725
8343 70.641275 70.641275 -391.448725 -391.448725
8473 70.641275 70.641275 -391.448725 -391.448725
8516 70.641275 70.641275 -391.448725 -391.448725
8545 70.641275 70.641275 -391.448725 -391.448725
8648 70.641275 70.641275 -391.448725 -391.448725
8715 70.641275 70.641275 -391.448725 -391.448725
8809 70.641275 70.641275 -391.448725 -391.448725
8890 70.641275 70.641275 -391.448725 -391.448725
8907 70.641275 70.641275 -391.448725 -391.448725
8935 70.641275 70.641275 -391.448725 -391.448725
8970 70.641275 70.641275 -391.448725 -391.448725
9012 70.641275 70.641275 -391.448725 -391.448725
9101 70.641275 70.641275 -391.448725 -391.448725
9164 70.641275 70.641275 -391.448725 -391.448725
9218 70.641275 70.641275 -391.448725 -391.448725
9283 70.641275 70.641275 -391.448725 -391.448725
9307 70.641275 70.641275 -391.448725 -391.448725
9443 70.641275 70.641275 -391.448725 -391.448725
9717 70.641275 70.641275 -391.448725 -391.448725
10101 70.641275 70.641275 -391.448725 -391.448725
10138 70.641275 70.641275 -391.448725 -391.448725
10639 70.641275 70.641275 -391.448725 -391.448725
50000 70.641275 70.641275 -391.448725 -391.448725
"function evaluation" "current f(x)" "best-so-far f(x)" "current af(x)+b" "best af(x)+b"
1 1531.806237 1531.806237 1069.716237 1069.716237
2 592.593609 592.593609 130.503609 130.503609
3 515.804504 515.804504 53.714504 53.714504
5 404.795450 404.795450 -57.294550 -57.294550
8 317.436195 317.436195 -144.653805 -144.653805
19 239.059664 239.059664 -223.030336 -223.030336
71 203.564027 203.564027 -258.525973 -258.525973
172 192.339765 192.339765 -269.750235 -269.750235
233 181.343535 181.343535 -280.746465 -280.746465
271 176.779249 176.779249 -285.310751 -285.310751
290 172.935046 172.935046 -289.154954 -289.154954
305 171.796787 171.796787 -290.293213 -290.293213
306 170.910837 170.910837 -291.179163 -291.179163
307 167.672491 167.672491 -294.417509 -294.417509
322 161.149018 161.149018 -300.940982 -300.940982
364 159.594706 159.594706 -302.495294 -302.495294
434 157.900542 157.900542 -304.189458 -304.189458
436 156.607244 156.607244 -305.482756 -305.482756
466 152.470648 152.470648 -309.619352 -309.619352
519 151.470563 151.470563 -310.619437 -310.619437
545 148.447482 148.447482 -313.642518 -313.642518
556 147.989847 147.989847 -314.100153 -314.100153
609 146.750479 146.750479 -315.339521 -315.339521
637 145.304484 145.304484 -316.785516 -316.785516
705 143.909424 143.909424 -318.180576 -318.180576
724 143.903386 143.903386 -318.186614 -318.186614
748 143.125754 143.125754 -318.964246 -318.964246
767 142.498918 142.498918 -319.591082 -319.591082
919 142.460177 142.460177 -319.629823 -319.629823
966 142.424862 142.424862 -319.665138 -319.665138
999 142.337720 142.337720 -319.752280 -319.752280
1397 142.306756 142.306756 -319.783244 -319.783244
1709 142.299647 142.299647 -319.790353 -319.790353
1840 142.294810 142.294810 -319.795190 -319.795190
2022 142.283626 142.283626 -319.806374 -319.806374
2236 142.282558 142.282558 -319.807442 -319.807442
2245 142.278204 142.278204 -319.811796 -319.811796
2282 142.277326 142.277326 -319.812674 -319.812674
2432 142.276739 142.276739 -319.813261 -319.813261
2795 142.276424 142.276424 -319.813576 -319.813576
2845 142.276211 142.276211 -319.813789 -319.813789
2899 142.275748 142.275748 -319.814252 -319.814252
3293 142.275657 142.275657 -319.814343 -319.814343
3520 142.275647 142.275647 -319.814353 -319.814353
3702 142.275580 142.275580 -319.814420 -319.814420
4386 142.275576 142.275576 -319.814424 -319.814424
4831 142.275576 142.275576 -319.814424 -319.814424
4854 142.275576 142.275576 -319.814424 -319.814424
4880 142.275576 142.275576 -319.814424 -319.814424
4887 142.275574 142.275574 -319.814426 -319.814426
4907 142.275574 142.275574 -319.814426 -319.814426
5001 142.275574 142.275574 -319.814426 -319.814426
5035 142.275574 142.275574 -319.814426 -319.814426
5107 142.275573 142.275573 -319.814427 -319.814427
5176 142.275573 142.275573 -319.814427 -319.814427
5246 142.275572 142.275572 -319.814428 -319.814428
5382 142.275572 142.275572 -319.814428 -319.814428
5455 142.275572 142.275572 -319.814428 -319.814428
5621 142.275572 142.275572 -319.814428 -319.814428
6010 142.275572 142.275572 -319.814428 -319.814428
6017 142.275572 142.275572 -319.814428 -319.814428
6159 142.275572 142.275572 -319.814428 -319.814428
6433 142.275572 142.275572 -319.814428 -319.814428
6472 142.275572 142.275572 -319.814428 -319.814428
6476 142.275572 142.275572 -319.814428 -319.814428
6518 142.275572 142.275572 -319.814428 -319.814428
6588 142.275572 142.275572 -319.814428 -319.814428
6673 142.275572 142.275572 -319.814428 -319.814428
6928 142.275572 142.275572 -319.814428 -319.814428
7259 142.275572 142.275572 -319.814428 -319.814428
7315 142.275572 142.275572 -319.814428 -319.814428
7373 142.275572 142.275572 -319.814428 -319.814428
7440 142.275572 142.275572 -319.814428 -319.814428
7543 142.275572 142.275572 -319.814428 -319.814428
7795 142.275572 142.275572 -319.814428 -319.814428
7813 142.275572 142.275572 -319.814428 -319.814428
7993 142.275572 142.275572 -319.814428 -319.814428
8032 142.275572 142.275572 -319.814428 -319.814428
8085 142.275572 142.275572 -319.814428 -319.814428
8091 142.275572 142.275572 -319.814428 -319.814428
8880 142.275572 142.275572 -319.814428 -319.814428
8970 142.275572 142.275572 -319.814428 -319.814428
9236 142.275572 142.275572 -319.814428 -319.814428
9305 142.275572 142.275572 -319.814428 -319.814428
9577 142.275572 142.275572 -319.814428 -319.814428
9659 142.275572 142.275572 -319.814428 -319.814428
9728 142.275572 142.275572 -319.814428 -319.814428
9769 142.275572 142.275572 -319.814428 -319.814428
9784 142.275572 142.275572 -319.814428 -319.814428
9849 142.275572 142.275572 -319.814428 -319.814428
9935 142.275572 142.275572 -319.814428 -319.814428
10024 142.275572 142.275572 -319.814428 -319.814428
10069 142.275572 142.275572 -319.814428 -319.814428
10401 142.275572 142.275572 -319.814428 -319.814428
10939 142.275572 142.275572 -319.814428 -319.814428
12007 142.275572 142.275572 -319.814428 -319.814428
50000 142.275572 142.275572 -319.814428 -319.814428
"function evaluation" "current f(x)" "best-so-far f(x)" "current af(x)+b" "best af(x)+b"
1 314.395294 314.395294 -147.694706 -147.694706
6 305.805787 305.805787 -156.284213 -156.284213
11 167.702478 167.702478 -294.387522 -294.387522
89 159.646286 159.646286 -302.443714 -302.443714
102 153.855423 153.855423 -308.234577 -308.234577
149 153.619537 153.619537 -308.470463 -308.470463
269 152.661307 152.661307 -309.428693 -309.428693
280 151.146244 151.146244 -310.943756 -310.943756
298 149.141254 149.141254 -312.948746 -312.948746
308 148.326467 148.326467 -313.763533 -313.763533
468 148.311648 148.311648 -313.778352 -313.778352
497 147.714385 147.714385 -314.375615 -314.375615
580 147.704747 147.704747 -314.385253 -314.385253
685 147.602464 147.602464 -314.487536 -314.487536
688 147.357454 147.357454 -314.732546 -314.732546
1181 147.344248 147.344248 -314.745752 -314.745752
1265 147.316393 147.316393 -314.773607 -314.773607
1393 147.294297 147.294297 -314.795703 -314.795703
1635 147.283572 147.283572 -314.806428 -314.806428
1642 147.277583 147.277583 -314.812417 -314.812417
1674 147.271486 147.271486 -314.818514 -314.818514
1774 147.270938 147.270938 -314.819062 -314.819062
1875 147.267634 147.267634 -314.822366 -314.822366
1899 147.253485 147.253485 -314.836515 -314.836515
2120 147.253455 147.253455 -314.836545 -314.836545
2169 147.253165 147.253165 -314.836835 -314.836835
2338 147.253127 147.253127 -314.836873 -314.836873
2586 147.252391 147.252391 -314.837609 -314.837609
2827 147.252030 147.252030 -314.837970 -314.837970
2863 147.251936 147.251936 -314.838064 -314.838064
2875 147.251907 147.251907 -314.838093 -314.838093
2962 147.251763 147.251763 -314.838237 -314.838237
3146 147.251696 147.251696 -314.838304 -314.838304
3294 147.251646 147.251646 -314.838354 -314.838354
3495 147.251591 147.251591 -314.838409 -314.838409
3813 147.251576 147.251576 -314.838424 -314.838424
3862 147.251576 147.251576 -314.838424 -314.838424
4003 147.251568 147.251568 -314.838432 -314.838432
4087 147.251564 147.251564 -314.838436 -314.838436
4144 147.251557 147.251557 -314.838443 -314.838443
4496 147.251557 147.251557 -314.838443 -314.838443
4635 147.251557 147.251557 -314.838443 -314.838443
4703 147.251555 147.251555 -314.838445 -314.838445
4775 147.251555 147.251555 -314.838445 -314.838445
4821 147.251554 147.251554 -314.838446 -314.838446
4859 147.251554 147.251554 -314.838446 -314.838446
5410 147.251554 147.251554 -314.838446 -314.838446
5615 147.251554 147.251554 -314.838446 -314.838446
5663 147.251554 147.251554 -314.838446 -314.838446
5717 147.251554 147.251554 -314.838446 -314.838446
5981 147.251554 147.251554 -314.838446 -314.838446
6092 147.251554 147.251554 -314.838446 -314.838446
6164 147.251554 147.251554 -314.838446 -314.838446
6290 147.251554 147.251554 -314.838446 -314.838446
6557 147.251554 147.251554 -314.838446 -314.838446
6617 147.251554 147.251554 -314.838446 -314.838446
6712 147.251554 147.251554 -314.838446 -314.838446
6756 147.251554 147.251554 -314.838446 -314.838446
6925 147.251554 147.251554 -314.838446 -314.838446
6948 147.251554 147.251554 -314.838446 -314.838446
7313 147.251554 147.251554 -314.838446 -314.838446
7514 147.251554 147.251554 -314.838446 -314.838446
7603 147.251554 147.251554 -314.838446 -314.838446
7677 147.251554 147.251554 -314.838446 -314.838446
7799 147.251554 147.251554 -314.838446 -314.838446
7901 147.251554 147.251554 -314.838446 -314.838446
8038 147.251554 147.251554 -314.838446 -314.838446
8127 147.251554 147.251554 -314.838446 -314.838446
8169 147.251554 147.251554 -314.838446 -314.838446
8324 147.251554 147.251554 -314.838446 -314.838446
8465 147.251554 147.251554 -314.838446 -314.838446
8607 147.251554 147.251554 -314.838446 -314.838446
8733 147.251554 147.251554 -314.838446 -314.838446
8815 147.251554 147.251554 -314.838446 -314.838446
8900 147.251554 147.251554 -314.838446 -314.838446
8964 147.251554 147.251554 -314.838446 -314.838446
9039 147.251554 147.251554 -314.838446 -314.838446
9532 147.251554 147.251554 -314.838446 -314.838446
9709 147.251554 147.251554 -314.838446 -314.838446
9755 147.251554 147.251554 -314.838446 -314.838446
9821 147.251554 147.251554 -314.838446 -314.838446
9860 147.251554 147.251554 -314.838446 -314.838446
10075 147.251554 147.251554 -314.838446 -314.838446
10151 147.251554 147.251554 -314.838446 -314.838446
10229 147.251554 147.251554 -314.838446 -314.838446
10421 147.251554 147.251554 -314.838446 -314.838446
50000 147.251554 147.251554 -314.838446 -314.838446
"function evaluation" "current f(x)" "best-so-far f(x)" "current af(x)+b" "best af(x)+b"
1 2292.386693 2292.386693 1830.296693 1830.296693
3 472.363442 472.363442 10.273442 10.273442
4 170.343613 170.343613 -291.746387 -291.746387
9 118.131173 118.131173 -343.958827 -343.958827
15 117.291611 117.291611 -344.798389 -344.798389
43 113.144378 113.144378 -348.945622 -348.945622
47 103.485902 103.485902 -358.604098 -358.604098
50 98.496178 98.496178 -363.593822 -363.593822
205 89.488367 89.488367 -372.601633 -372.601633
214 67.984949 67.984949 -394.105051 -394.105051
221 66.084227 66.084227 -396.005773 -396.005773
233 63.951123 63.951123 -398.138877 -398.138877
311 63.143853 63.143853 -398.946147 -398.946147
319 60.087826 60.087826 -402.002174 -402.002174
352 54.716207 54.716207 -407.373793 -407.373793
353 54.068313 54.068313 -408.021687 -408.021687
483 52.587146 52.587146 -409.502854 -409.502854
662 52.447806 52.447806 -409.642194 -409.642194
667 52.250513 52.250513 -409.839487 -409.839487
704 52.139428 52.139428 -409.950572 -409.950572
707 51.313864 51.313864 -410.776136 -410.776136
794 51.103111 51.103111 -410.986889 -410.986889
889 50.977799 50.977799 -411.112201 -411.112201
963 50.943580 50.943580 -411.146420 -411.146420
1038 50.936879 50.936879 -411.153121 -411.153121
1050 50.803067 50.803067 -411.286933 -411.286933
1522 50.772813 50.772813 -411.317187 -411.317187
1601 50.760240 50.760240 -411.329760 -411.329760
1664 50.758046 50.758046 -411.331954 -411.331954
1694 50.749326 50.749326 -411.340674 -411.340674
1893 50.748993 50.748993 -411.341007 -411.341007
2331 50.748604 50.748604 -411.341396 -411.341396
2361 50.745859 50.745859 -411.344141 -411.344141
2458 50.743895 50.743895 -411.346105 -411.346105
2684 50.743620 50.743620 -411.346380 -411.346380
2699 50.743598 50.743598 -411.346402 -411.346402
2704 50.743344 50.743344 -411.346656 -411.346656
2743 50.743030 50.743030 -411.346970 -411.346970
2776 50.742382 50.742382 -411.347618 -411.347618
2838 50.742216 50.742216 -411.347784 -411.347784
3147 50.742133 50.742133 -411.347867 -411.347867
3188 50.742041 50.742041 -411.347959 -411.347959
3218 50.741989 50.741989 -411.348011 -411.348011
3526 50.741976 50.741976 -411.348024 -411.348024
3533 50.741962 50.741962 -411.348038 -411.348038
3616 50.741923 50.741923 -411.348077 -411.348077
3784 50.741923 50.741923 -411.348077 -411.348077
4199 50.741923 50.741923 -411.348077 -411.348077
4314 50.741919 50.741919 -411.348081 -411.348081
4329 50.741915 50.741915 -411.348085 -411.348085
4608 50.741914 50.741914 -411.348086 -411.348086
4749 50.741913 50.741913 -411.348087 -411.348087
4773 50.741913 50.741913 -411.348087 -411.348087
4858 50.741912 50.741912 -411.348088 -411.348088
4961 50.741912 50.741912 -411.348088 -411.348088
5042 50.741911 50.741911 -411.348089 -411.348089
5206 50.741911 50.741911 -411.348089 -411.348089
5238 50.741911 50.741911 -411.348089 -411.348089
5255 50.741911 50.741911 -411.348089 -411.348089
5504 50.741911 50.741911 -411.348089 -411.348089
6089 50.741911 50.741911 -411.348089 -411.348089
6169 50.741911 50.741911 -411.348089 -411.348089
6296 50.741911 50.741911 -411.348089 -411.348089
6570 50.741911 50.741911 -411.348089 -411.348089
6887 50.741911 50.741911 -411.348089 -411.348089
6942 50.741911 50.741911 -411.348089 -411.348089
7270 50.741911 50.741911 -411.348089 -411.348089
7315 50.741911 50.741911 -411.348089 -411.348089
7549 50.741911 50.741911 -411.348089 -411.348089
7583 50.741911 50.741911 -411.348089 -411.348089
7609 50.741911 50.741911 -411.348089 -411.348089
7702 50.741911 50.741911 -411.348089 -411.348089
7817 50.741911 50.741911 -411.348089 -411.348089
8239 50.741911 50.741911 -411.348089 -411.348089
8444 50.741911 50.741911 -411.348089 -411.348089
8588 50.741911 50.741911 -411.348089 -411.348089
8640 50.741911 50.741911 -411.348089 -411.348089
8857 50.741911 50.741911 -411.348089 -411.348089
8893 50.741911 50.741911 -411.348089 -411.348089
9009 50.741911 50.741911 -411.348089 -411.348089
9064 50.741911 50.741911 -411.348089 -411.348089
9162 50.741911 50.741911 -411.348089 -411.348089
9192 50.741911 50.741911 -411.348089 -411.348089
9324 50.741911 50.741911 -411.348089 -411.348089
9398 50.741911 50.741911 -411.348089 -411.348089
9455 50.741911 50.741911 -411.348089 -411.348089
9565 50.741911 50.741911 -411.348089 -411.348089
9845 50.741911 50.741911 -411.348089 -411.348089
10749 50.741911 50.741911 -411.348089 -411.348089
50000 50.741911 50.741911 -411.348089 -411.348089
"function evaluation" "current f(x)" "best-so-far f(x)" "current af(x)+b" "best af(x)+b"
1 350.089094 350.089094 427.749094 427.749094
2 133.495635 133.495635 211.155635 211.155635
45 119.581283 119.581283 197.241283 197.241283
93 115.465886 115.465886 193.125886 193.125886
116 103.131537 103.131537 180.791537 180.791537
226 97.397113 97.397113 175.057113 175.057113
252 93.162707 93.162707 170.822707 170.822707
264 89.986497 89.986497 167.646497 167.646497
304 88.012380 88.012380 165.672380 165.672380
351 87.310272 87.310272 164.970272 164.970272
375 87.021967 87.021967 164.681967 164.681967
515 86.652270 86.652270 164.312270 164.312270
602 86.454616 86.454616 164.114616 164.114616
817 86.202598 86.202598 163.862598 163.862598
821 85.975769 85.975769 163.635769 163.635769
869 85.629970 85.629970 163.289970 163.289970
1411 85.613105 85.613105 163.273105 163.273105
1568 85.604278 85.604278 163.264278 163.264278
1653 85.596512 85.596512 163.256512 163.256512
1697 85.579270 85.579270 163.239270 163.239270
1773 85.577642 85.577642 163.237642 163.237642
1822 85.574267 85.574267 163.234267 163.234267
2074 85.573545 85.573545 163.233545 163.233545
2110 85.569315 85.569315 163.229315 163.229315
2176 85.568094 85.568094 163.228094 163.228094
2356 85.567612 85.567612 163.227612 163.227612
2381 85.566935 85.566935 163.226935 163.226935
2514 85.566672 85.566672 163.226672 163.226672
2630 85.565648 85.565648 163.225648 163.225648
3505 85.565601 85.565601 163.225601 163.225601
3560 85.565587 85.565587 163.225587 163.225587
3727 85.565570 85.565570 163.225570 163.225570
3862 85.565564 85.565564 163.225564 163.225564
4436 85.565562 85.565562 163.225562 163.225562
4458 85.565562 85.565562 163.225562 163.225562
4614 85.565562 85.565562 163.225562 163.225562
4796 85.565561 85.565561 163.225561 163.225561
4861 85.565561 85.565561 163.225561 163.225561
4957 85.565561 85.565561 163.225561 163.225561
5031 85.565561 85.565561 163.225561 163.225561
5137 85.565560 85.565560 163.225560 163.225560
5165 85.565560 85.565560 163.225560 163.225560
5451 85.565560 85.565560 163.225560 163.225560
5669 85.565560 85.565560 163.225560 163.225560
5862 85.565560 85.565560 163.225560 163.225560
5949 85.565560 85.565560 163.225560 163.225560
6137 85.565560 85.565560 163.225560 163.225560
6287 85.565560 85.565560 163.225560 163.225560
6369 85.565560 85.565560 163.225560 163.225560
6597 85.565560 85.565560 163.225560 163.225560
6664 85.565560 85.565560 163.225560 163.225560
6666 85.565560 85.565560 163.225560 163.225560
6806 85.565560 85.565560 163.225560 163.225560
7125 85.565560 85.565560 163.225560 163.225560
7161 85.565560 85.565560 163.225560 163.225560
7220 85.565560 85.565560 163.225560 163.225560
7230 85.565560 85.565560 163.225560 163.225560
7431 85.565560 85.565560 163.225560 163.225560
7440 85.565560 85.565560 163.225560 163.225560
7474 85.565560 85.565560 163.225560 163.225560
7569 85.565560 85.565560 163.225560 163.225560
7611 85.565560 85.565560 163.225560 163.225560
7686 85.565560 85.565560 163.225560 163.225560
7733 85.565560 85.565560 163.225560 163.225560
7742 85.565560 85.565560 163.225560 163.225560
8034 85.565560 85.565560 163.225560 163.225560
8067 85.565560 85.565560 163.225560 163.225560
8199 85.565560 85.565560 163.225560 163.225560
8259 85.565560 85.565560 163.225560 163.225560
8265 85.565560 85.565560 163.225560 163.225560
8335 85.565560 85.565560 163.225560 163.225560
8551 85.565560 85.565560 163.225560 163.225560
8709 85.565560 85.565560 163.225560 163.225560
8854 85.565560 85.565560 163.225560 163.225560
9112 85.565560 85.565560 163.225560 163.225560
9114 85.565560 85.565560 163.225560 163.225560
9180 85.565560 85.565560 163.225560 163.225560
9185 85.565560 85.565560 163.225560 163.225560
9258 85.565560 85.565560 163.225560 163.225560
9307 85.565560 85.565560 163.225560 163.225560
9621 85.565560 85.565560 163.225560 163.225560
9675 85.565560 85.565560 163.225560 163.225560
9912 85.565560 85.565560 163.225560 163.225560
10012 85.565560 85.565560 163.225560 163.225560
10097 85.565560 85.565560 163.225560 163.225560
10209 85.565560 85.565560 163.225560 163.225560
50000 85.565560 85.565560 163.225560 163.225560
"function evaluation" "current f(x)" "best-so-far f(x)" "current af(x)+b" "best af(x)+b"
1 632.704525 632.704525 710.364525 710.364525
3 249.966964 249.966964 327.626964 327.626964
48 211.303290 211.303290 288.963290 288.963290
183 198.507262 198.507262 276.167262 276.167262
201 195.659544 195.659544 273.319544 273.319544
206 188.181886 188.181886 265.841886 265.841886
223 187.613476 187.613476 265.273476 265.273476
228 184.387698 184.387698 262.047698 262.047698
235 183.197132 183.197132 260.857132 260.857132
250 179.734707 179.734707 257.394707 257.394707
255 178.492830 178.492830 256.152830 256.152830
275 176.718777 176.718777 254.378777 254.378777
283 169.470392 169.470392 247.130392 247.130392
303 129.117515 129.117515 206.777515 206.777515
323 126.913177 126.913177 204.573177 204.573177
330 123.429070 123.429070 201.089070 201.089070
343 117.688533 117.688533 195.348533 195.348533
349 116.109454 116.109454 193.769454 193.769454
361 111.115452 111.115452 188.775452 188.775452
370 109.113100 109.113100 186.773100 186.773100
393 101.905919 101.905919 179.565919 179.565919
429 100.422841 100.422841 178.082841 178.082841
440 100.193455 100.193455 177.853455 177.853455
442 99.427307 99.427307 177.087307 177.087307
538 97.495489 97.495489 175.155489 175.155489
670 97.329373 97.329373 174.989373 174.989373
687 96.997027 96.997027 174.657027 174.657027
773 96.858288 96.858288 174.518288 174.518288
801 96.826828 96.826828 174.486828 174.486828
1020 96.786900 96.786900 174.446900 174.446900
1081 96.772273 96.772273 174.432273 174.432273
1090 96.651293 96.651293 174.311293 174.311293
1261 96.591865 96.591865 174.251865 174.251865
1363 96.543861 96.543861 174.203861 174.203861
1485 96.532589 96.532589 174.192589 174.192589
1495 96.516549 96.516549 174.176549 174.176549
2028 96.514031 96.514031 174.174031 174.174031
2119 96.512188 96.512188 174.172188 174.172188
2527 96.510704 96.510704 174.170704 174.170704
2601 96.509817 96.509817 174.169817 174.169817
2801 96.509698 96.509698 174.169698 174.169698
2957 96.509520 96.509520 174.169520 174.169520
3110 96.509297 96.509297 174.169297 174.169297
3367 96.509239 96.509239 174.169239 174.169239
3476 96.509227 96.509227 174.169227 174.169227
3651 96.509222 96.509222 174.169222 174.169222
3722 96.509210 96.509210 174.169210 174.169210
3772 96.509181 96.509181 174.169181 174.169181
4013 96.509180 96.509180 174.169180 174.169180
4132 96.509170 96.509170 174.169170 174.169170
4445 96.509169 96.509169 174.169169 174.169169
4476 96.509169 96.509169 174.169169 174.169169
4598 96.509167 96.509167 174.169167 174.169167
4635 96.509166 96.509166 174.169166 174.169166
4715 96.509165 96.509165 174.169165 174.169165
4746 96.509164 96.509164 174.169164 174.169164
4966 96.509164 96.509164 174.169164 174.169164
5000 96.509164 96.509164 174.169164 174.169164
5097 96.509164 96.509164 174.169164 174.169164
5126 96.509163 96.509163 174.169163 174.169163
5509 96.509163 96.509163 174.169163 174.169163
5540 96.509163 96.509163 174.169163 174.169163
5761 96.509163 96.509163 174.169163 174.169163
5913 96.509163 96.509163 174.169163 174.169163
6296 96.509163 96.509163 174.169163 174.169163
6366 96.509163 96.509163 174.169163 174.169163
6589 96.509163 96.509163 174.169163 174.169163
6681 96.509163 96.509163 174.169163 174.169163
6961 96.509163 96.509163 174.169163 174.169163
7019 96.509163 96.509163 174.169163 174.169163
7051 96.509163 96.509163 174.169163 174.169163
7283 96.509163 96.509163 174.169163 174.169163
8007 96.509163 96.509163 174.169163 174.169163
8011 96.509163 96.509163 174.169163 174.169163
8174 96.509163 96.509163 174.169163 174.169163
8231 96.509163 96.509163 174.169163 174.169163
8487 96.509163 96.509163 174.169163 174.169163
8516 96.509163 96.509163 174.169163 174.169163
8664 96.509163 96.509163 174.169163 174.169163
8699 96.509163 96.509163 174.169163 174.169163
9261 96.509163 96.509163 174.169163 174.169163
9379 96.509163 96.509163 174.169163 174.169163
9424 96.509163 96.509163 174.169163 174.169163
9648 96.509163 96.509163 174.169163 174.169163
10273 96.509163 96.509163 174.169163 174.169163
10551 96.509163 96.509163 174.169163 174.169163
11438 96.509163 96.509163 174.169163 174.169163
50000 96.509163 96.509163 174.169163 174.169163
"function evaluation" "current f(x)" "best-so-far f(x)" "current af(x)+b" "best af(x)+b"
1 239.189446 239.189446 316.849446 316.849446
6 165.778150 165.778150 243.438150 243.438150
16 150.313119 150.313119 227.973119 227.973119
72 139.651515 139.651515 217.311515 217.311515
104 138.475159 138.475159 216.135159 216.135159
108 135.864241 135.864241 213.524241 213.524241
117 132.949502 132.949502 210.609502 210.609502
172 130.502491 130.502491 208.162491 208.162491
189 124.996439 124.996439 202.656439 202.656439
215 124.969508 124.969508 202.629508 202.629508
250 124.307294 124.307294 201.967294 201.967294
269 123.768697 123.768697 201.428697 201.428697
276 122.853210 122.853210 200.513210 200.513210
291 121.164424 121.164424 198.824424 198.824424
322 119.396557 119.396557 197.056557 197.056557
338 118.622888 118.622888 196.282888 196.282888
377 117.523486 117.523486 195.183486 195.183486
476 117.215484 117.215484 194.875484 194.875484
544 117.068625 117.068625 194.728625 194.728625
576 117.054121 117.054121 194.714121 194.714121
623 116.942122 116.942122 194.602122 194.602122
686 116.840454 116.840454 194.500454 194.500454
740 116.765107 116.765107 194.425107 194.425107
882 116.533898 116.533898 194.193898 194.193898
912 116.491067 116.491067 194.151067 194.151067
1077 116.487012 116.487012 194.147012 194.147012
1316 116.458101 116.458101 194.118101 194.118101
1327 116.456843 116.456843 194.116843 194.116843
1440 116.414531 116.414531 194.074531 194.074531
2000 116.411575 116.411575 194.071575 194.071575
2168 116.410949 116.410949 194.070949 194.070949
2226 116.410444 116.410444 194.070444 194.070444
2239 116.409326 116.409326 194.069326 194.069326
2564 116.409163 116.409163 194.069163 194.069163
2801 116.409143 116.409143 194.069143 194.069143
2808 116.408898 116.408898 194.068898 194.068898
2954 116.408868 116.408868 194.068868 194.068868
2965 116.408560 116.408560 194.068560 194.068560
3263 116.408552 116.408552 194.068552 194.068552
3289 116.408543 116.408543 194.068543 194.068543
3548 116.408537 116.408537 194.068537 194.068537
3564 116.408526 116.408526 194.068526 194.068526
3596 116.408490 116.408490 194.068490 194.068490
3663 116.408477 116.408477 194.068477 194.068477
4355 116.408475 116.408475 194.068475 194.068475
4553 116.408475 116.408475 194.068475 194.068475
4711 116.408475 116.408475 194.068475 194.068475
4795 116.408474 116.408474 194.068474 194.068474
4908 116.408474 116.408474 194.068474 194.068474
4949 116.408473 116.408473 194.068473 194.068473
5008 116.408473 116.408473 194.068473 194.068473
5030 116.408473 116.408473 194.068473 194.068473
5207 116.408473 116.408473 194.068473 194.068473
5486 116.408472 116.408472 194.068472 194.068472
5699 116.408472 116.408472 194.068472 194.068472
5722 116.408472 116.408472 194.068472 194.068472
5926 116.408472 116.408472 194.068472 194.068472
5940 116.408472 116.408472 194.068472 194.068472
5961 116.408472 116.408472 194.068472 194.068472
6149 116.408472 116.408472 194.068472 194.068472
6399 116.408472 116.408472 194.068472 194.068472
6548 116.408472 116.408472 194.068472 194.068472
6796 116.408472 116.408472 194.068472 194.068472
6865 116.408472 116.408472 194.068472 194.068472
7171 116.408472 116.408472 194.068472 194.068472
7213 116.408472 116.408472 194.068472 194.068472
7230 116.408472 116.408472 194.068472 194.068472
7319 116.408472 116.408472 194.068472 194.068472
7334 116.408472 116.408472 194.068472 194.068472
7370 116.408472 116.408472 194.068472 194.068472
7478 116.408472 116.408472 194.068472 194.068472
7606 116.408472 116.408472 194.068472 194.068472
7635 116.408472 116.408472 194.068472 194.068472
7650 116.408472 116.408472 194.068472 194.068472
7761 116.408472 116.408472 194.068472 194.068472
7775 116.408472 116.408472 194.068472 194.068472
7812 116.408472 116.408472 194.068472 194.068472
7843 116.408472 116.408472 194.068472 194.068472
7854 116.408472 116.408472 194.068472 194.068472
8318 116.408472 116.408472 194.068472 194.068472
8526 116.408472 116.408472 194.068472 194.068472
8618 116.408472 116.408472 194.068472 194.068472
8735 116.408472 116.408472 194.068472 194.068472
8891 116.408472 116.408472 194.068472 194.068472
8930 116.408472 116.408472 194.068472 194.068472
9696 116.408472 116.408472 194.068472 194.068472
9762 116.408472 116.408472 194.068472 194.068472
10028 116.408472 116.408472 194.068472 194.068472
10404 116.408472 116.408472 194.068472 194.068472
10525 116.408472 116.408472 194.068472 194.068472
10838 116.408472 116.408472 194.068472 194.068472
50000 116.408472 116.408472 194.068472 194.068472
"function evaluation" "current f(x)" "best-so-far f(x)" "current af(x)+b" "best af(x)+b"
1 190.201597 190.201597 267.861597 267.861597
4 89.444096 89.444096 167.104096 167.104096
50 85.812116 85.812116 163.472116 163.472116
87 76.570392 76.570392 154.230392 154.230392
99 73.098850 73.098850 150.758850 150.758850
273 72.779288 72.779288 150.439288 150.439288
285 71.210312 71.210312 148.870312 148.870312
310 65.349274 65.349274 143.009274 143.009274
325 60.379153 60.379153 138.039153 138.039153
375 60.113131 60.113131 137.773131 137.773131
385 59.925710 59.925710 137.585710 137.585710
390 57.874855 57.874855 135.534855 135.534855
403 57.180563 57.180563 134.840563 134.840563
514 56.740640 56.740640 134.400640 134.400640
524 56.459952 56.459952 134.119952 134.119952
626 55.885906 55.885906 133.545906 133.545906
632 55.797260 55.797260 133.457260 133.457260
647 55.738492 55.738492 133.398492 133.398492
689 55.560773 55.560773 133.220773 133.220773
788 55.533913 55.533913 133.193913 133.193913
820 55.407705 55.407705 133.067705 133.067705
859 55.256281 55.256281 132.916281 132.916281
902 55.162476 55.162476 132.822476 132.822476
911 54.959588 54.959588 132.619588 132.619588
957 54.875889 54.875889 132.535889 132.535889
962 54.859612 54.859612 132.519612 132.519612
1097 54.813237 54.813237 132.473237 132.473237
1300 54.802062 54.802062 132.462062 132.462062
1490 54.794516 54.794516 132.454516 132.454516
1521 54.751818 54.751818 132.411818 132.411818
1592 54.747192 54.747192 132.407192 132.407192
1825 54.745568 54.745568 132.405568 132.405568
1873 54.742300 54.742300 132.402300 132.402300
2070 54.736089 54.736089 132.396089 132.396089
2082 54.728098 54.728098 132.388098 132.388098
2208 54.725020 54.725020 132.385020 132.385020
2442 54.724981 54.724981 132.384981 132.384981
2605 54.724823 54.724823 132.384823 132.384823
2608 54.724631 54.724631 132.384631 132.384631
2631 54.723759 54.723759 132.383759 132.383759
2786 54.722574 54.722574 132.382574 132.382574
3304 54.722456 54.722456 132.382456 132.382456
3750 54.722421 54.722421 132.382421 132.382421
3784 54.722415 54.722415 132.382415 132.382415
3851 54.722367 54.722367 132.382367 132.382367
3860 54.722365 54.722365 132.382365 132.382365
3902 54.722363 54.722363 132.382363 132.382363
4289 54.722361 54.722361 132.382361 132.382361
4788 54.722359 54.722359 132.382359 132.382359
5173 54.722359 54.722359 132.382359 132.382359
5209 54.722359 54.722359 132.382359 132.382359
5432 54.722359 54.722359 132.382359 132.382359
5493 54.722359 54.722359 132.382359 132.382359
5507 54.722358 54.722358 132.382358 132.382358
5650 54.722358 54.722358 132.382358 132.382358
5670 54.722358 54.722358 132.382358 132.382358
5703 54.722358 54.722358 132.382358 132.382358
5790 54.722358 54.722358 132.382358 132.382358
6046 54.722358 54.722358 132.382358 132.382358
6067 54.722358 54.722358 132.382358 132.382358
6371 54.722358 54.722358 132.382358 132.382358
6559 54.722358 54.722358 132.382358 132.382358
7223 54.722358 54.722358 132.382358 132.382358
7340 54.722358 54.722358 132.382358 132.382358
7389 54.722358 54.722358 132.382358 132.382358
7650 54.722358 54.722358 132.382358 132.382358
7750 54.722358 54.722358 132.382358 132.382358
7807 54.722358 54.722358 132.382358 132.382358
7837 54.722358 54.722358 132.382358 132.382358
7999 54.722358 54.722358 132.382358 132.382358
8404 54.722358 54.722358 132.382358 132.382358
8462 54.722358 54.722358 132.382358 132.382358
8507 54.722358 54.722358 132.382358 132.382358
8847 54.722358 54.722358 132.382358 132.382358
8999 54.722358 54.722358 132.382358 132.382358
9186 54.722358 54.722358 132.382358 132.382358
9426 54.722358 54.722358 132.382358 132.382358
9448 54.722358 54.722358 132.382358 132.382358
9457 54.722358 54.722358 132.382358 132.382358
9541 54.722358 54.722358 132.382358 132.382358
9756 54.722358 54.722358 132.382358 132.382358
9838 54.722358 54.722358 132.382358 132.382358
9854 54.722358 54.722358 132.382358 132.382358
9897 54.722358 54.722358 132.382358 132.382358
9975 54.722358 54.722358 132.382358 132.382358
10153 54.722358 54.722358 132.382358 132.382358
10427 54.722358 54.722358 132.382358 132.382358
10790 54.722358 54.722358 132.382358 132.382358
11169 54.722358 54.722358 132.382358 132.382358
50000 54.722358 54.722358 132.382358 132.382358
"function evaluation" "current f(x)" "best-so-far f(x)" "current af(x)+b" "best af(x)+b"
1 176.803513 176.803513 254.463513 254.463513
16 154.475172 154.475172 232.135172 232.135172
20 142.659253 142.659253 220.319253 220.319253
45 136.326459 136.326459 213.986459 213.986459
70 113.148423 113.148423 190.808423 190.808423
119 112.895849 112.895849 190.555849 190.555849
144 111.959283 111.959283 189.619283 189.619283
180 99.612738 99.612738 177.272738 177.272738
187 96.763882 96.763882 174.423882 174.423882
362 96.405666 96.405666 174.065666 174.065666
384 95.316406 95.316406 172.976406 172.976406
388 93.618498 93.618498 171.278498 171.278498
402 89.040670 89.040670 166.700670 166.700670
405 84.957788 84.957788 162.617788 162.617788
415 84.150946 84.150946 161.810946 161.810946
419 76.438335 76.438335 154.098335 154.098335
422 74.233778 74.233778 151.893778 151.893778
448 71.563062 71.563062 149.223062 149.223062
455 69.919739 69.919739 147.579739 147.579739
462 67.767737 67.767737 145.427737 145.427737
540 67.185428 67.185428 144.845428 144.845428
583 67.106396 67.106396 144.766396 144.766396
718 66.576234 66.576234 144.236234 144.236234
808 66.297483 66.297483 143.957483 143.957483
822 65.927002 65.927002 143.587002 143.587002
917 65.833233 65.833233 143.493233 143.493233
968 65.742878 65.742878 143.402878 143.402878
1224 65.715630 65.715630 143.375630 143.375630
1479 65.715409 65.715409 143.375409 143.375409
1584 65.713213 65.713213 143.373213 143.373213
1640 65.696260 65.696260 143.356260 143.356260
1824 65.685827 65.685827 143.345827 143.345827
1896 65.671745 65.671745 143.331745 143.331745
2357 65.668781 65.668781 143.328781 143.328781
2635 65.668429 65.668429 143.328429 143.328429
2668 65.668353 65.668353 143.328353 143.328353
2767 65.667881 65.667881 143.327881 143.327881
2836 65.667678 65.667678 143.327678 143.327678
2845 65.666981 65.666981 143.326981 143.326981
3376 65.666897 65.666897 143.326897 143.326897
3404 65.666883 65.666883 143.326883 143.326883
3584 65.666868 65.666868 143.326868 143.326868
3738 65.666833 65.666833 143.326833 143.326833
4087 65.666828 65.666828 143.326828 143.326828
4166 65.666817 65.666817 143.326817 143.326817
4417 65.666816 65.666816 143.326816 143.326816
4551 65.666815 65.666815 143.326815 143.326815
4649 65.666815 65.666815 143.326815 143.326815
4800 65.666813 65.666813 143.326813 143.326813
4842 65.666813 65.666813 143.326813 143.326813
5017 65.666812 65.666812 143.326812 143.326812
5341 65.666812 65.666812 143.326812 143.326812
5396 65.666812 65.666812 143.326812 143.326812
5645 65.666812 65.666812 143.326812 143.326812
6079 65.666812 65.666812 143.326812 143.326812
6181 65.666812 65.666812 143.326812 143.326812
6193 65.666812 65.666812 143.326812 143.326812
6362 65.666812 65.666812 143.326812 143.326812
6681 65.666812 65.666812 143.326812 143.326812
6727 65.666812 65.666812 143.326812 143.326812
7136 65.666812 65.666812 143.326812 143.326812
7405 65.666812 65.666812 143.326812 143.326812
7407 65.666812 65.666812 143.326812 143.326812
7602 65.666812 65.666812 143.326812 143.326812
7664 65.666812 65.666812 143.326812 143.326812
7675 65.666812 65.666812 143.326812 143.326812
7755 65.666812 65.666812 143.326812 143.326812
7862 65.666812 65.666812 143.326812 143.326812
8161 65.666812 65.666812 143.326812 143.326812
8366 65.666812 65.666812 143.326812 143.326812
8393 65.666812 65.666812 143.326812 143.326812
8672 65.666812 65.666812 143.326812 143.326812
8766 65.666812 65.666812 143.326812 143.326812
9136 65.666812 65.666812 143.326812 143.326812
9232 65.666812 65.666812 143.326812 143.326812
9300 65.666812 65.666812 143.326812 143.326812
9421 65.666812 65.666812 143.326812 143.326812
9555 65.666812 65.666812 143.326812 143.326812
9618 65.666812 65.666812 143.326812 143.326812
9677 65.666812 65.666812 143.326812 143.326812
9785 65.666812 65.666812 143.326812 143.326812
9811 65.666812 65.666812 143.326812 143.326812
10256 65.666812 65.666812 143.326812 143.326812
10274 65.666812 65.666812 143.326812 143.326812
10583 65.666812 65.666812 143.326812 143.326812
10956 65.666812 65.666812 143.326812 143.326812
50000 65.666812 65.666812 143.326812 143.326812
