"function evaluation" "current f(x)" "best-so-far f(x)" "current af(x)+b" "best af(x)+b"
1 51.408762 51.408762 -410.681238 -410.681238
94 34.311824 34.311824 -427.778176 -427.778176
101 30.894708 30.894708 -431.195292 -431.195292
190 29.554046 29.554046 -432.535954 -432.535954
216 28.940615 28.940615 -433.149385 -433.149385
225 26.981772 26.981772 -435.108228 -435.108228
237 21.707865 21.707865 -440.382135 -440.382135
282 17.054650 17.054650 -445.035350 -445.035350
334 14.860258 14.860258 -447.229742 -447.229742
382 14.405426 14.405426 -447.684574 -447.684574
384 14.126784 14.126784 -447.963216 -447.963216
398 12.910832 12.910832 -449.179168 -449.179168
468 11.862201 11.862201 -450.227799 -450.227799
496 10.630477 10.630477 -451.459523 -451.459523
766 10.517639 10.517639 -451.572361 -451.572361
873 10.478993 10.478993 -451.611007 -451.611007
961 10.127622 10.127622 -451.962378 -451.962378
1265 10.084867 10.084867 -452.005133 -452.005133
1273 10.040421 10.040421 -452.049579 -452.049579
1438 9.998723 9.998723 -452.091277 -452.091277
1505 9.972177 9.972177 -452.117823 -452.117823
1657 9.960545 9.960545 -452.129455 -452.129455
2009 9.954825 9.954825 -452.135175 -452.135175
2032 9.954583 9.954583 -452.135417 -452.135417
2048 9.953967 9.953967 -452.136033 -452.136033
2088 9.952224 9.952224 -452.137776 -452.137776
2541 9.950734 9.950734 -452.139266 -452.139266
2738 9.950500 9.950500 -452.139500 -452.139500
2761 9.950245 9.950245 -452.139755 -452.139755
3103 9.949960 9.949960 -452.140040 -452.140040
3244 9.949954 9.949954 -452.140046 -452.140046
3382 9.949877 9.949877 -452.140123 -452.140123
3394 9.949827 9.949827 -452.140173 -452.140173
3410 9.949704 9.949704 -452.140296 -452.140296
3465 9.949635 9.949635 -452.140365 -452.140365
3581 9.949611 9.949611 -452.140389 -452.140389
3955 9.949595 9.949595 -452.140405 -452.140405
4042 9.949590 9.949590 -452.140410 -452.140410
4211 9.949588 9.949588 -452.140412 -452.140412
4330 9.949587 9.949587 -452.140413 -452.140413
4383 9.949585 9.949585 -452.140415 -452.140415
4606 9.949581 9.949581 -452.140419 -452.140419
4967 9.949581 9.949581 -452.140419 -452.140419
5186 9.949581 9.949581 -452.140419 -452.140419
5448 9.949581 9.949581 -452.140419 -452.140419
5620 9.949581 9.949581 -452.140419 -452.140419
5731 9.949581 9.949581 -452.140419 -452.140419
6046 9.949581 9.949581 -452.140419 -452.140419
6172 9.949581 9.949581 -452.140419 -452.140419
6194 9.949581 9.949581 -452.140419 -452.140419
6289 9.949581 9.949581 -452.140419 -452.140419
6374 9.949581 9.949581 -452.140419 -452.140419
6397 9.949581 9.949581 -452.140419 -452.140419
6409 9.949581 9.949581 -452.140419 -452.140419
6603 9.949581 9.949581 -452.140419 -452.140419
6610 9.949581 9.949581 -452.140419 -452.140419
6764 9.949580 9.949580 -452.140420 -452.140420
6789 9.949580 9.949580 -452.140420 -452.140420
6949 9.949580 9.949580 -452.140420 -452.140420
7164 9.949580 9.949580 -452.140420 -452.140420
7213 9.949580 9.949580 -452.140420 -452.140420
7451 9.949580 9.949580 -452.140420 -452.140420
7497 9.949580 9.949580 -452.140420 -452.140420
7683 9.949580 9.949580 -452.140420 -452.140420
7712 9.949580 9.949580 -452.140420 -452.140420
7762 9.949580 9.949580 -452.140420 -452.140420
7789 9.949580 9.949580 -452.140420 -452.140420
7946 9.949580 9.949580 -452.140420 -452.140420
8387 9.949580 9.949580 -452.140420 -452.140420
8497 9.949580 9.949580 -452.140420 -452.140420
8620 9.949580 9.949580 -452.140420 -452.140420
9083 9.949580 9.949580 -452.140420 -452.140420
9102 9.949580 9.949580 -452.140420 -452.140420
9247 9.949580 9.949580 -452.140420 -452.140420
9540 9.949580 9.949580 -452.140420 -452.140420
9676 9.949580 9.949580 -452.140420 -452.140420
9727 9.949580 9.949580 -452.140420 -452.140420
9845 9.949580 9.949580 -452.140420 -452.140420
10177 9.949580 9.949580 -452.140420 -452.140420
10221 9.949580 9.949580 -452.140420 -452.140420
10751 9.949580 9.949580 -452.140420 -452.140420
50000 9.949580 9.949580 -452.140420 -452.140420
"function evaluation" "current f(x)" "best-so-far f(x)" "current af(x)+b" "best af(x)+b"
1 250.094364 250.094364 -211.995636 -211.995636
5 136.418433 136.418433 -325.671567 -325.671567
19 90.255553 90.255553 -371.834447 -371.834447
73 73.828620 73.828620 -388.261380 -388.261380
97 62.750604 62.750604 -399.339396 -399.339396
230 54.528793 54.528793 -407.561207 -407.561207
241 54.204700 54.204700 -407.885300 -407.885300
301 53.646290 53.646290 -408.443710 -408.443710
321 52.905955 52.905955 -409.184045 -409.184045
332 52.571297 52.571297 -409.518703 -409.518703
343 49.914463 49.914463 -412.175537 -412.175537
387 43.891875 43.891875 -418.198125 -418.198125
453 42.363612 42.363612 -419.726388 -419.726388
471 42.319854 42.319854 -419.770146 -419.770146
479 41.386528 41.386528 -420.703472 -420.703472
571 41.374529 41.374529 -420.715471 -420.715471
579 40.490409 40.490409 -421.599591 -421.599591
781 40.483427 40.483427 -421.606573 -421.606573
827 40.123353 40.123353 -421.966647 -421.966647
879 40.045308 40.045308 -422.044692 -422.044692
916 39.981586 39.981586 -422.108414 -422.108414
1001 39.943674 39.943674 -422.146326 -422.146326
1178 39.926248 39.926248 -422.163752 -422.163752
1264 39.913087 39.913087 -422.176913 -422.176913
1273 39.850590 39.850590 -422.239410 -422.239410
1437 39.828494 39.828494 -422.261506 -422.261506
1650 39.820404 39.820404 -422.269596 -422.269596
1875 39.806195 39.806195 -422.283805 -422.283805
2034 39.805769 39.805769 -422.284231 -422.284231
2047 39.805213 39.805213 -422.284787 -422.284787
2096 39.802030 39.802030 -422.287970 -422.287970
2299 39.798631 39.798631 -422.291369 -422.291369
2889 39.798556 39.798556 -422.291444 -422.291444
2894 39.798529 39.798529 -422.291471 -422.291471
2918 39.798304 39.798304 -422.291696 -422.291696
3054 39.798276 39.798276 -422.291724 -422.291724
3260 39.798235 39.798235 -422.291765 -422.291765
3366 39.798182 39.798182 -422.291818 -422.291818
3450 39.798100 39.798100 -422.291900 -422.291900
3905 39.798095 39.798095 -422.291905 -422.291905
3927 39.798095 39.798095 -422.291905 -422.291905
3934 39.798094 39.798094 -422.291906 -422.291906
3979 39.798086 39.798086 -422.291914 -422.291914
3981 39.798085 39.798085 -422.291915 -422.291915
4085 39.798081 39.798081 -422.291919 -422.291919
4093 39.798079 39.798079 -422.291921 -422.291921
4243 39.798079 39.798079 -422.291921 -422.291921
4536 39.798077 39.798077 -422.291923 -422.291923
4543 39.798077 39.798077 -422.291923 -422.291923
4559 39.798077 39.798077 -422.291923 -422.291923
4590 39.798076 39.798076 -422.291924 -422.291924
4743 39.798074 39.798074 -422.291926 -422.291926
4775 39.798074 39.798074 -422.291926 -422.291926
4885 39.798074 39.798074 -422.291926 -422.291926
5383 39.798074 39.798074 -422.291926 -422.291926
5568 39.798074 39.798074 -422.291926 -422.291926
5945 39.798074 39.798074 -422.291926 -422.291926
6091 39.798074 39.798074 -422.291926 -422.291926
6222 39.798074 39.798074 -422.291926 -422.291926
6276 39.798073 39.798073 -422.291927 -422.291927
6351 39.798073 39.798073 -422.291927 -422.291927
6442 39.798073 39.798073 -422.291927 -422.291927
6489 39.798073 39.798073 -422.291927 -422.291927
6722 39.798073 39.798073 -422.291927 -422.291927
7251 39.798073 39.798073 -422.291927 -422.291927
7380 39.798073 39.798073 -422.291927 -422.291927
7962 39.798073 39.798073 -422.291927 -422.291927
8020 39.798073 39.798073 -422.291927 -422.291927
8289 39.798073 39.798073 -422.291927 -422.291927
8473 39.798073 39.798073 -422.291927 -422.291927
8725 39.798073 39.798073 -422.291927 -422.291927
8773 39.798073 39.798073 -422.291927 -422.291927
8950 39.798073 39.798073 -422.291927 -422.291927
9064 39.798073 39.798073 -422.291927 -422.291927
9267 39.798073 39.798073 -422.291927 -422.291927
9328 39.798073 39.798073 -422.291927 -422.291927
9486 39.798073 39.798073 -422.291927 -422.291927
9839 39.798073 39.798073 -422.291927 -422.291927
10037 39.798073 39.798073 -422.291927 -422.291927
10042 39.798073 39.798073 -422.291927 -422.291927
10345 39.798073 39.798073 -422.291927 -422.291927
50000 39.798073 39.798073 -422.291927 -422.291927
"function evaluation" "current f(x)" "best-so-far f(x)" "current af(x)+b" "best af(x)+b"
1 343.498071 343.498071 -118.591929 -118.591929
2 107.027037 107.027037 -355.062963 -355.062963
7 86.484088 86.484088 -375.605912 -375.605912
52 78.105341 78.105341 -383.984659 -383.984659
85 74.131963 74.131963 -387.958037 -387.958037
153 66.185553 66.185553 -395.904447 -395.904447
170 58.447369 58.447369 -403.642631 -403.642631
207 57.668354 57.668354 -404.421646 -404.421646
209 56.630479 56.630479 -405.459521 -405.459521
227 52.103369 52.103369 -409.986631 -409.986631
248 51.209199 51.209199 -410.880801 -410.880801
267 50.849181 50.849181 -411.240819 -411.240819
270 50.627816 50.627816 -411.462184 -411.462184
275 48.804885 48.804885 -413.285115 -413.285115
302 47.692387 47.692387 -414.397613 -414.397613
346 47.128081 47.128081 -414.961919 -414.961919
367 31.084263 31.084263 -431.005737 -431.005737
534 29.875151 29.875151 -432.214849 -432.214849
539 29.841986 29.841986 -432.248014 -432.248014
614 29.493137 29.493137 -432.596863 -432.596863
631 28.806142 28.806142 -433.283858 -433.283858
659 28.724040 28.724040 -433.365960 -433.365960
672 28.546757 28.546757 -433.543243 -433.543243
674 25.504788 25.504788 -436.585212 -436.585212
681 22.813475 22.813475 -439.276525 -439.276525
701 22.538245 22.538245 -439.551755 -439.551755
712 20.742015 20.742015 -441.347985 -441.347985
743 19.026594 19.026594 -443.063406 -443.063406
764 17.890525 17.890525 -444.199475 -444.199475
782 17.024809 17.024809 -445.065191 -445.065191
795 16.961932 16.961932 -445.128068 -445.128068
818 16.652675 16.652675 -445.437325 -445.437325
968 16.348805 16.348805 -445.741195 -445.741195
1040 16.071224 16.071224 -446.018776 -446.018776
1230 15.997100 15.997100 -446.092900 -446.092900
1617 15.974497 15.974497 -446.115503 -446.115503
1642 15.959746 15.959746 -446.130254 -446.130254
1758 15.930211 15.930211 -446.159789 -446.159789
2021 15.929591 15.929591 -446.160409 -446.160409
2259 15.924852 15.924852 -446.165148 -446.165148
2399 15.924521 15.924521 -446.165479 -446.165479
2579 15.924369 15.924369 -446.165631 -446.165631
2627 15.924205 15.924205 -446.165795 -446.165795
2678 15.922663 15.922663 -446.167337 -446.167337
2723 15.922353 15.922353 -446.167647 -446.167647
2733 15.921482 15.921482 -446.168518 -446.168518
2860 15.921143 15.921143 -446.168857 -446.168857
2962 15.920960 15.920960 -446.169040 -446.169040
3001 15.920038 15.920038 -446.169962 -446.169962
3088 15.919945 15.919945 -446.170055 -446.170055
3208 15.919835 15.919835 -446.170165 -446.170165
3252 15.919479 15.919479 -446.170521 -446.170521
3702 15.919461 15.919461 -446.170539 -446.170539
3763 15.919381 15.919381 -446.170619 -446.170619
3821 15.919355 15.919355 -446.170645 -446.170645
3881 15.919352 15.919352 -446.170648 -446.170648
4019 15.919340 15.919340 -446.170660 -446.170660
4173 15.919325 15.919325 -446.170675 -446.170675
4487 15.919321 15.919321 -446.170679 -446.170679
4561 15.919317 15.919317 -446.170683 -446.170683
4634 15.919314 15.919314 -446.170686 -446.170686
4705 15.919313 15.919313 -446.170687 -446.170687
4867 15.919313 15.919313 -446.170687 -446.170687
5085 15.919313 15.919313 -446.170687 -446.170687
5123 15.919312 15.919312 -446.170688 -446.170688
5135 15.919311 15.919311 -446.170689 -446.170689
5195 15.919311 15.919311 -446.170689 -446.170689
5222 15.919311 15.919311 -446.170689 -446.170689
5247 15.919311 15.919311 -446.170689 -446.170689
5347 15.919310 15.919310 -446.170690 -446.170690
5383 15.919310 15.919310 -446.170690 -446.170690
5451 15.919310 15.919310 -446.170690 -446.170690
5616 15.919310 15.919310 -446.170690 -446.170690
5688 15.919310 15.919310 -446.170690 -446.170690
5855 15.919310 15.919310 -446.170690 -446.170690
5905 15.919310 15.919310 -446.170690 -446.170690
6050 15.919310 15.919310 -446.170690 -446.170690
6259 15.919310 15.919310 -446.170690 -446.170690
6574 15.919310 15.919310 -446.170690 -446.170690
6842 15.919310 15.919310 -446.170690 -446.170690
6875 15.919310 15.919310 -446.170690 -446.170690
6932 15.919310 15.919310 -446.170690 -446.170690
7146 15.919310 15.919310 -446.170690 -446.170690
7488 15.919310 15.919310 -446.170690 -446.170690
7605 15.919310 15.919310 -446.170690 -446.170690
7714 15.919310 15.919310 -446.170690 -446.170690
7748 15.919310 15.919310 -446.170690 -446.170690
7795 15.919310 15.919310 -446.170690 -446.170690
7970 15.919310 15.919310 -446.170690 -446.170690
8431 15.919310 15.919310 -446.170690 -446.170690
8491 15.919310 15.919310 -446.170690 -446.170690
8610 15.919310 15.919310 -446.170690 -446.170690
8646 15.919310 15.919310 -446.170690 -446.170690
8727 15.919310 15.919310 -446.170690 -446.170690
8806 15.919310 15.919310 -446.170690 -446.170690
9071 15.919310 15.919310 -446.170690 -446.170690
9181 15.919310 15.919310 -446.170690 -446.170690
9247 15.919310 15.919310 -446.170690 -446.170690
9500 15.919310 15.919310 -446.170690 -446.170690
9597 15.919310 15.919310 -446.170690 -446.170690
9614 15.919310 15.919310 -446.170690 -446.170690
9943 15.919310 15.919310 -446.170690 -446.170690
10293 15.919310 15.919310 -446.170690 -446.170690
10431 15.919310 15.919310 -446.170690 -446.170690
10551 15.919310 15.919310 -446.170690 -446.170690
50000 15.919310 15.919310 -446.170690 -446.170690
"function evaluation" "current f(x)" "best-so-far f(x)" "current af(x)+b" "best af(x)+b"
1 218.544849 218.544849 -243.545151 -243.545151
3 150.466915 150.466915 -311.623085 -311.623085
12 146.441366 146.441366 -315.648634 -315.648634
62 129.628515 129.628515 -332.461485 -332.461485
81 116.004857 116.004857 -346.085143 -346.085143
152 103.626246 103.626246 -358.463754 -358.463754
187 97.847790 97.847790 -364.242210 -364.242210
221 96.405944 96.405944 -365.684056 -365.684056
227 87.106344 87.106344 -374.983656 -374.983656
288 85.842280 85.842280 -376.247720 -376.247720
311 83.165034 83.165034 -378.924966 -378.924966
315 77.395065 77.395065 -384.694935 -384.694935
331 76.908190 76.908190 -385.181810 -385.181810
344 75.515864 75.515864 -386.574136 -386.574136
353 73.520431 73.520431 -388.569569 -388.569569
394 69.982817 69.982817 -392.107183 -392.107183
422 69.275387 69.275387 -392.814613 -392.814613
424 66.876832 66.876832 -395.213168 -395.213168
595 66.341926 66.341926 -395.748074 -395.748074
602 64.985826 64.985826 -397.104174 -397.104174
656 64.636419 64.636419 -397.453581 -397.453581
664 64.426558 64.426558 -397.663442 -397.663442
711 63.655617 63.655617 -398.434383 -398.434383
736 63.235542 63.235542 -398.854458 -398.854458
762 63.010060 63.010060 -399.079940 -399.079940
790 62.811222 62.811222 -399.278778 -399.278778
832 62.515487 62.515487 -399.574513 -399.574513
864 61.908573 61.908573 -400.181427 -400.181427
890 61.881436 61.881436 -400.208564 -400.208564
997 61.739020 61.739020 -400.350980 -400.350980
1369 61.718804 61.718804 -400.371196 -400.371196
1693 61.705373 61.705373 -400.384627 -400.384627
1949 61.705319 61.705319 -400.384681 -400.384681
1994 61.705312 61.705312 -400.384688 -400.384688
2005 61.694783 61.694783 -400.395217 -400.395217
2130 61.692867 61.692867 -400.397133 -400.397133
2188 61.691776 61.691776 -400.398224 -400.398224
2228 61.691021 61.691021 -400.398979 -400.398979
2349 61.688758 61.688758 -400.401242 -400.401242
2536 61.687507 61.687507 -400.402493 -400.402493
2656 61.687233 61.687233 -400.402767 -400.402767
2728 61.686868 61.686868 -400.403132 -400.403132
2964 61.686765 61.686765 -400.403235 -400.403235
3221 61.686579 61.686579 -400.403421 -400.403421
3419 61.686532 61.686532 -400.403468 -400.403468
3558 61.686491 61.686491 -400.403509 -400.403509
3709 61.686486 61.686486 -400.403514 -400.403514
3723 61.686459 61.686459 -400.403541 -400.403541
3848 61.686457 61.686457 -400.403543 -400.403543
4140 61.686448 61.686448 -400.403552 -400.403552
4503 61.686447 61.686447 -400.403553 -400.403553
4661 61.686447 61.686447 -400.403553 -400.403553
4767 61.686446 61.686446 -400.403554 -400.403554
4861 61.686446 61.686446 -400.403554 -400.403554
5333 61.686446 61.686446 -400.403554 -400.403554
5457 61.686446 61.686446 -400.403554 -400.403554
5503 61.686446 61.686446 -400.403554 -400.403554
5704 61.686445 61.686445 -400.403555 -400.403555
5890 61.686445 61.686445 -400.403555 -400.403555
6274 61.686445 61.686445 -400.403555 -400.403555
6278 61.686445 61.686445 -400.403555 -400.403555
6318 61.686445 61.686445 -400.403555 -400.403555
6331 61.686445 61.686445 -400.403555 -400.403555
6341 61.686445 61.686445 -400.403555 -400.403555
6358 61.686445 61.686445 -400.403555 -400.403555
6636 61.686445 61.686445 -400.403555 -400.403555
6745 61.686445 61.686445 -400.403555 -400.403555
6872 61.686445 61.686445 -400.403555 -400.403555
6927 61.686445 61.686445 -400.403555 -400.403555
7161 61.686445 61.686445 -400.403555 -400.403555
7396 61.686445 61.686445 -400.403555 -400.403555
7543 61.686445 61.686445 -400.403555 -400.403555
7603 61.686445 61.686445 -400.403555 -400.403555
7611 61.686445 61.686445 -400.403555 -400.403555
8021 61.686445 61.686445 -400.403555 -400.403555
8079 61.686445 61.686445 -400.403555 -400.403555
8082 61.686445 61.686445 -400.403555 -400.403555
8585 61.686445 61.686445 -400.403555 -400.403555
8642 61.686445 61.686445 -400.403555 -400.403555
8662 61.686445 61.686445 -400.403555 -400.403555
8800 61.686445 61.686445 -400.403555 -400.403555
8843 61.686445 61.686445 -400.403555 -400.403555
8910 61.686445 61.686445 -400.403555 -400.403555
8971 61.686445 61.686445 -400.403555 -400.403555
9156 61.686445 61.686445 -400.403555 -400.403555
9223 61.686445 61.686445 -400.403555 -400.403555
9395 61.686445 61.686445 -400.403555 -400.403555
9992 61.686445 61.686445 -400.403555 -400.403555
10609 61.686445 61.686445 -400.403555 -400.403555
50000 61.686445 61.686445 -400.403555 -400.403555
"function evaluation" "current f(x)" "best-so-far f(x)" "current af(x)+b" "best af(x)+b"
1 151.824879 151.824879 -310.265121 -310.265121
13 101.690384 101.690384 -360.399616 -360.399616
57 98.138948 98.138948 -363.951052 -363.951052
101 96.802447 96.802447 -365.287553 -365.287553
140 96.166624 96.166624 -365.923376 -365.923376
172 95.811028 95.811028 -366.278972 -366.278972
173 90.534522 90.534522 -371.555478 -371.555478
244 89.666254 89.666254 -372.423746 -372.423746
323 89.561000 89.561000 -372.529000 -372.529000
348 88.444858 88.444858 -373.645142 -373.645142
541 87.946740 87.946740 -374.143260 -374.143260
678 87.887522 87.887522 -374.202478 -374.202478
739 87.870704 87.870704 -374.219296 -374.219296
845 87.775387 87.775387 -374.314613 -374.314613
998 87.774390 87.774390 -374.315610 -374.315610
1031 87.716083 87.716083 -374.373917 -374.373917
1237 87.680634 87.680634 -374.409366 -374.409366
1245 87.662337 87.662337 -374.427663 -374.427663
1299 87.604706 87.604706 -374.485294 -374.485294
1301 87.600059 87.600059 -374.489941 -374.489941
1583 87.597858 87.597858 -374.492142 -374.492142
1643 87.570480 87.570480 -374.519520 -374.519520
1855 87.567765 87.567765 -374.522235 -374.522235
1900 87.562831 87.562831 -374.527169 -374.527169
2045 87.561208 87.561208 -374.528792 -374.528792
2121 87.559096 87.559096 -374.530904 -374.530904
2209 87.558207 87.558207 -374.531793 -374.531793
2247 87.557426 87.557426 -374.532574 -374.532574
2330 87.557308 87.557308 -374.532692 -374.532692
2425 87.556320 87.556320 -374.533680 -374.533680
2651 87.555854 87.555854 -374.534146 -374.534146
2703 87.555635 87.555635 -374.534365 -374.534365
2856 87.555496 87.555496 -374.534504 -374.534504
2914 87.555313 87.555313 -374.534687 -374.534687
3082 87.555241 87.555241 -374.534759 -374.534759
3086 87.555223 87.555223 -374.534777 -374.534777
3379 87.555162 87.555162 -374.534838 -374.534838
3587 87.555148 87.555148 -374.534852 -374.534852
3644 87.555125 87.555125 -374.534875 -374.534875
3951 87.555124 87.555124 -374.534876 -374.534876
3955 87.555122 87.555122 -374.534878 -374.534878
4187 87.555115 87.555115 -374.534885 -374.534885
4210 87.555112 87.555112 -374.534888 -374.534888
4331 87.555111 87.555111 -374.534889 -374.534889
4442 87.555109 87.555109 -374.534891 -374.534891
4457 87.555109 87.555109 -374.534891 -374.534891
4485 87.555108 87.555108 -374.534892 -374.534892
4975 87.555108 87.555108 -374.534892 -374.534892
4994 87.555108 87.555108 -374.534892 -374.534892
5057 87.555107 87.555107 -374.534893 -374.534893
5218 87.555107 87.555107 -374.534893 -374.534893
5362 87.555107 87.555107 -374.534893 -374.534893
5367 87.555107 87.555107 -374.534893 -374.534893
5765 87.555107 87.555107 -374.534893 -374.534893
5912 87.555107 87.555107 -374.534893 -374.534893
6061 87.555107 87.555107 -374.534893 -374.534893
6233 87.555107 87.555107 -374.534893 -374.534893
6263 87.555107 87.555107 -374.534893 -374.534893
6301 87.555107 87.555107 -374.534893 -374.534893
6529 87.555107 87.555107 -374.534893 -374.534893
6620 87.555107 87.555107 -374.534893 -374.534893
6820 87.555107 87.555107 -374.534893 -374.534893
6980 87.555107 87.555107 -374.534893 -374.534893
7025 87.555107 87.555107 -374.534893 -374.534893
7185 87.555107 87.555107 -374.534893 -374.534893
7196 87.555107 87.555107 -374.534893 -374.534893
7241 87.555107 87.555107 -374.534893 -374.534893
7426 87.555107 87.555107 -374.534893 -374.534893
7444 87.555107 87.555107 -374.534893 -374.534893
7451 87.555107 87.555107 -374.534893 -374.534893
7458 87.555107 87.555107 -374.534893 -374.534893
7595 87.555107 87.555107 -374.534893 -374.534893
7813 87.555107 87.555107 -374.534893 -374.534893
7903 87.555107 87.555107 -374.534893 -374.534893
8078 87.555107 87.555107 -374.534893 -374.534893
8087 87.555107 87.555107 -374.534893 -374.534893
8111 87.555107 87.555107 -374.534893 -374.534893
8134 87.555107 87.555107 -374.534893 -374.534893
8205 87.555107 87.555107 -374.534893 -374.534893
8315 87.555107 87.555107 -374.534893 -374.534893
8324 87.555107 87.555107 -374.534893 -374.534893
8446 87.555107 87.555107 -374.534893 -374.534893
8583 87.555107 87.555107 -374.534893 -374.534893
8607 87.555107 87.555107 -374.534893 -374.534893
8689 87.555107 87.555107 -374.534893 -374.534893
8832 87.555107 87.555107 -374.534893 -374.534893
9037 87.555107 87.555107 -374.534893 -374.534893
9251 87.555107 87.555107 -374.534893 -374.534893
9318 87.555107 87.555107 -374.534893 -374.534893
9566 87.555107 87.555107 -374.534893 -374.534893
9620 87.555107 87.555107 -374.534893 -374.534893
9626 87.555107 87.555107 -374.534893 -374.534893
9632 87.555107 87.555107 -374.534893 -374.534893
9697 87.555107 87.555107 -374.534893 -374.534893
9734 87.555107 87.555107 -374.534893 -374.534893
9993 87.555107 87.555107 -374.534893 -374.534893
10244 87.555107 87.555107 -374.534893 -374.534893
10249 87.555107 87.555107 -374.534893 -374.534893
50000 87.555107 87.555107 -374.534893 -374.534893
"function evaluation" "current f(x)" "best-so-far f(x)" "current af(x)+b" "best af(x)+b"
1 210.888216 210.888216 288.548216 288.548216
2 74.207793 74.207793 151.867793 151.867793
36 56.607084 56.607084 134.267084 134.267084
326 51.297309 51.297309 128.957309 128.957309
342 51.078674 51.078674 128.738674 128.738674
344 50.392999 50.392999 128.052999 128.052999
349 46.990447 46.990447 124.650447 124.650447
357 45.008755 45.008755 122.668755 122.668755
361 42.957906 42.957906 120.617906 120.617906
363 40.246955 40.246955 117.906955 117.906955
366 36.504957 36.504957 114.164957 114.164957
383 36.298346 36.298346 113.958346 113.958346
393 33.810520 33.810520 111.470520 111.470520
417 32.043986 32.043986 109.703986 109.703986
420 28.719078 28.719078 106.379078 106.379078
432 26.087227 26.087227 103.747227 103.747227
446 25.265594 25.265594 102.925594 102.925594
467 24.057052 24.057052 101.717052 101.717052
482 21.987965 21.987965 99.647965 99.647965
617 21.983222 21.983222 99.643222 99.643222
706 21.722516 21.722516 99.382516 99.382516
748 21.705669 21.705669 99.365669 99.365669
750 21.671909 21.671909 99.331909 99.331909
764 21.307687 21.307687 98.967687 98.967687
849 21.187572 21.187572 98.847572 98.847572
875 21.160338 21.160338 98.820338 98.820338
1097 21.123729 21.123729 98.783729 98.783729
1125 20.971073 20.971073 98.631073 98.631073
1370 20.962819 20.962819 98.622819 98.622819
1483 20.958984 20.958984 98.618984 98.618984
1489 20.934271 20.934271 98.594271 98.594271
1520 20.930409 20.930409 98.590409 98.590409
1623 20.928803 20.928803 98.588803 98.588803
1654 20.922733 20.922733 98.582733 98.582733
1720 20.917846 20.917846 98.577846 98.577846
1729 20.914984 20.914984 98.574984 98.574984
1756 20.908667 20.908667 98.568667 98.568667
1825 20.908011 20.908011 98.568011 98.568011
1880 20.901898 20.901898 98.561898 98.561898
2201 20.895671 20.895671 98.555671 98.555671
2535 20.895559 20.895559 98.555559 98.555559
2683 20.895374 20.895374 98.555374 98.555374
2744 20.894884 20.894884 98.554884 98.554884
2833 20.894464 20.894464 98.554464 98.554464
3161 20.894340 20.894340 98.554340 98.554340
3174 20.894273 20.894273 98.554273 98.554273
3261 20.894257 20.894257 98.554257 98.554257
3378 20.894213 20.894213 98.554213 98.554213
3422 20.894186 20.894186 98.554186 98.554186
3502 20.894149 20.894149 98.554149 98.554149
3512 20.894147 20.894147 98.554147 98.554147
3526 20.894072 20.894072 98.554072 98.554072
3789 20.894052 20.894052 98.554052 98.554052
3953 20.894049 20.894049 98.554049 98.554049
4009 20.894040 20.894040 98.554040 98.554040
4520 20.894040 20.894040 98.554040 98.554040
4612 20.894037 20.894037 98.554037 98.554037
4706 20.894037 20.894037 98.554037 98.554037
4744 20.894036 20.894036 98.554036 98.554036
4892 20.894035 20.894035 98.554035 98.554035
5107 20.894035 20.894035 98.554035 98.554035
5140 20.894034 20.894034 98.554034 98.554034
5372 20.894034 20.894034 98.554034 98.554034
5399 20.894034 20.894034 98.554034 98.554034
5620 20.894034 20.894034 98.554034 98.554034
5674 20.894034 20.894034 98.554034 98.554034
5755 20.894034 20.894034 98.554034 98.554034
5785 20.894034 20.894034 98.554034 98.554034
5792 20.894034 20.894034 98.554034 98.554034
6466 20.894034 20.894034 98.554034 98.554034
6479 20.894034 20.894034 98.554034 98.554034
6781 20.894034 20.894034 98.554034 98.554034
6947 20.894034 20.894034 98.554034 98.554034
7163 20.894034 20.894034 98.554034 98.554034
7990 20.894034 20.894034 98.554034 98.554034
8018 20.894034 20.894034 98.554034 98.554034
8044 20.894034 20.894034 98.554034 98.554034
8132 20.894034 20.894034 98.554034 98.554034
8204 20.894034 20.894034 98.554034 98.554034
8378 20.894034 20.894034 98.554034 98.554034
8470 20.894034 20.894034 98.554034 98.554034
8498 20.894034 20.894034 98.554034 98.554034
8590 20.894034 20.894034 98.554034 98.554034
8637 20.894034 20.894034 98.554034 98.554034
8676 20.894034 20.894034 98.554034 98.554034
8879 20.894034 20.894034 98.554034 98.554034
8909 20.894034 20.894034 98.554034 98.554034
9096 20.894034 20.894034 98.554034 98.554034
9286 20.894034 20.894034 98.554034 98.554034
9431 20.894034 20.894034 98.554034 98.554034
9898 20.894034 20.894034 98.554034 98.554034
9950 20.894034 20.894034 98.554034 98.554034
10301 20.894034 20.894034 98.554034 98.554034
10487 20.894034 20.894034 98.554034 98.554034
10602 20.894034 20.894034 98.554034 98.554034
11603 20.894034 20.894034 98.554034 98.554034
13180 20.894034 20.894034 98.554034 98.554034
50000 20.894034 20.894034 98.554034 98.554034
"function evaluation" "current f(x)" "best-so-far f(x)" "current af(x)+b" "best af(x)+b"
1 1014.034949 1014.034949 1091.694949 1091.694949
2 193.205718 193.205718 270.865718 270.865718
11 167.714375 167.714375 245.374375 245.374375
12 119.693209 119.693209 197.353209 197.353209
82 107.943245 107.943245 185.603245 185.603245
203 104.864130 104.864130 182.524130 182.524130
213 103.264425 103.264425 180.924425 180.924425
266 102.268459 102.268459 179.928459 179.928459
362 100.270838 100.270838 177.930838 177.930838
624 100.264081 100.264081 177.924081 177.924081
691 100.212802 100.212802 177.872802 177.872802
715 99.722826 99.722826 177.382826 177.382826
1048 99.656982 99.656982 177.316982 177.316982
1108 99.631891 99.631891 177.291891 177.291891
1205 99.590004 99.590004 177.250004 177.250004
1262 99.546677 99.546677 177.206677 177.206677
1388 99.544995 99.544995 177.204995 177.204995
1619 99.539576 99.539576 177.199576 177.199576
1647 99.538533 99.538533 177.198533 177.198533
1705 99.525136 99.525136 177.185136 177.185136
1837 99.514498 99.514498 177.174498 177.174498
1900 99.504473 99.504473 177.164473 177.164473
2088 99.504047 99.504047 177.164047 177.164047
2135 99.500484 99.500484 177.160484 177.160484
2498 99.500217 99.500217 177.160217 177.160217
2505 99.496477 99.496477 177.156477 177.156477
2562 99.495389 99.495389 177.155389 177.155389
2824 99.495245 99.495245 177.155245 177.155245
3013 99.494773 99.494773 177.154773 177.154773
3191 99.494553 99.494553 177.154553 177.154553
3638 99.494524 99.494524 177.154524 177.154524
4549 99.494521 99.494521 177.154521 177.154521
5032 99.494521 99.494521 177.154521 177.154521
5144 99.494521 99.494521 177.154521 177.154521
5211 99.494521 99.494521 177.154521 177.154521
5217 99.494520 99.494520 177.154520 177.154520
5345 99.494520 99.494520 177.154520 177.154520
5684 99.494520 99.494520 177.154520 177.154520
5738 99.494520 99.494520 177.154520 177.154520
5880 99.494520 99.494520 177.154520 177.154520
6151 99.494520 99.494520 177.154520 177.154520
6285 99.494520 99.494520 177.154520 177.154520
6509 99.494520 99.494520 177.154520 177.154520
6981 99.494520 99.494520 177.154520 177.154520
7049 99.494520 99.494520 177.154520 177.154520
7252 99.494520 99.494520 177.154520 177.154520
7262 99.494520 99.494520 177.154520 177.154520
7477 99.494520 99.494520 177.154520 177.154520
7491 99.494520 99.494520 177.154520 177.154520
7562 99.494520 99.494520 177.154520 177.154520
7702 99.494520 99.494520 177.154520 177.154520
7829 99.494520 99.494520 177.154520 177.154520
8035 99.494520 99.494520 177.154520 177.154520
8178 99.494520 99.494520 177.154520 177.154520
8240 99.494520 99.494520 177.154520 177.154520
8394 99.494520 99.494520 177.154520 177.154520
9166 99.494520 99.494520 177.154520 177.154520
9354 99.494520 99.494520 177.154520 177.154520
9400 99.494520 99.494520 177.154520 177.154520
9975 99.494520 99.494520 177.154520 177.154520
10052 99.494520 99.494520 177.154520 177.154520
10588 99.494520 99.494520 177.154520 177.154520
10930 99.494520 99.494520 177.154520 177.154520
11457 99.494520 99.494520 177.154520 177.154520
12010 99.494520 99.494520 177.154520 177.154520
50000 99.494520 99.494520 177.154520 177.154520
"function evaluation" "current f(x)" "best-so-far f(x)" "current af(x)+b" "best af(x)+b"
1 201.727197 201.727197 279.387197 279.387197
4 114.566321 114.566321 192.226321 192.226321
12 89.713359 89.713359 167.373359 167.373359
80 83.606372 83.606372 161.266372 161.266372
108 78.836044 78.836044 156.496044 156.496044
166 72.719717 72.719717 150.379717 150.379717
253 71.885134 71.885134 149.545134 149.545134
303 70.650639 70.650639 148.310639 148.310639
367 68.332834 68.332834 145.992834 145.992834
468 68.143370 68.143370 145.803370 145.803370
484 66.824121 66.824121 144.484121 144.484121
582 66.680916 66.680916 144.340916 144.340916
649 66.560371 66.560371 144.220371 144.220371
703 66.543980 66.543980 144.203980 144.203980
713 66.451911 66.451911 144.111911 144.111911
759 66.161671 66.161671 143.821671 143.821671
904 66.091786 66.091786 143.751786 143.751786
1012 65.923726 65.923726 143.583726 143.583726
1021 65.893522 65.893522 143.553522 143.553522
1027 65.795354 65.795354 143.455354 143.455354
1058 65.781026 65.781026 143.441026 143.441026
1164 65.717203 65.717203 143.377203 143.377203
1457 65.706730 65.706730 143.366730 143.366730
1518 65.702359 65.702359 143.362359 143.362359
1576 65.700620 65.700620 143.360620 143.360620
1585 65.687019 65.687019 143.347019 143.347019
1592 65.686358 65.686358 143.346358 143.346358
1739 65.685359 65.685359 143.345359 143.345359
1842 65.681980 65.681980 143.341980 143.341980
2092 65.680400 65.680400 143.340400 143.340400
2127 65.680009 65.680009 143.340009 143.340009
2216 65.677659 65.677659 143.337659 143.337659
2221 65.676190 65.676190 143.336190 143.336190
2227 65.675044 65.675044 143.335044 143.335044
2267 65.669666 65.669666 143.329666 143.329666
2304 65.668710 65.668710 143.328710 143.328710
2551 65.667842 65.667842 143.327842 143.327842
2669 65.667743 65.667743 143.327743 143.327743
2767 65.667359 65.667359 143.327359 143.327359
2961 65.667354 65.667354 143.327354 143.327354
2973 65.666883 65.666883 143.326883 143.326883
3229 65.666827 65.666827 143.326827 143.326827
3296 65.666711 65.666711 143.326711 143.326711
3409 65.666702 65.666702 143.326702 143.326702
3464 65.666693 65.666693 143.326693 143.326693
3689 65.666692 65.666692 143.326692 143.326692
3709 65.666690 65.666690 143.326690 143.326690
3803 65.666666 65.666666 143.326666 143.326666
3918 65.666660 65.666660 143.326660 143.326660
3983 65.666640 65.666640 143.326640 143.326640
4140 65.666638 65.666638 143.326638 143.326638
4206 65.666636 65.666636 143.326636 143.326636
4238 65.666635 65.666635 143.326635 143.326635
4375 65.666635 65.666635 143.326635 143.326635
4435 65.666633 65.666633 143.326633 143.326633
4476 65.666629 65.666629 143.326629 143.326629
4510 65.666628 65.666628 143.326628 143.326628
5024 65.666628 65.666628 143.326628 143.326628
5068 65.666628 65.666628 143.326628 143.326628
5241 65.666628 65.666628 143.326628 143.326628
5444 65.666628 65.666628 143.326628 143.326628
5461 65.666628 65.666628 143.326628 143.326628
5465 65.666628 65.666628 143.326628 143.326628
5481 65.666628 65.666628 143.326628 143.326628
5517 65.666627 65.666627 143.326627 143.326627
5559 65.666627 65.666627 143.326627 143.326627
5580 65.666627 65.666627 143.326627 143.326627
5616 65.666627 65.666627 143.326627 143.326627
5630 65.666627 65.666627 143.326627 143.326627
5935 65.666627 65.666627 143.326627 143.326627
6189 65.666627 65.666627 143.326627 143.326627
6265 65.666627 65.666627 143.326627 143.326627
6287 65.666627 65.666627 143.326627 143.326627
6453 65.666627 65.666627 143.326627 143.326627
6498 65.666627 65.666627 143.326627 143.326627
6616 65.666627 65.666627 143.326627 143.326627
6893 65.666627 65.666627 143.326627 143.326627
7025 65.666627 65.666627 143.326627 143.326627
7202 65.666627 65.666627 143.326627 143.326627
7291 65.666627 65.666627 143.326627 143.326627
7550 65.666627 65.666627 143.326627 143.326627
7565 65.666627 65.666627 143.326627 143.326627
7942 65.666627 65.666627 143.326627 143.326627
8311 65.666627 65.666627 143.326627 143.326627
8531 65.666627 65.666627 143.326627 143.326627
8630 65.666627 65.666627 143.326627 143.326627
9069 65.666627 65.666627 143.326627 143.326627
9590 65.666627 65.666627 143.326627 143.326627
9622 65.666627 65.666627 143.326627 143.326627
9816 65.666627 65.666627 143.326627 143.326627
9856 65.666627 65.666627 143.326627 143.326627
9994 65.666627 65.666627 143.326627 143.326627
10505 65.666627 65.666627 143.326627 143.326627
11452 65.666627 65.666627 143.326627 143.326627
50000 65.666627 65.666627 143.326627 143.326627
"function evaluation" "current f(x)" "best-so-far f(x)" "current af(x)+b" "best af(x)+b"
1 214.365125 214.365125 292.025125 292.025125
4 159.283624 159.283624 236.943624 236.943624
5 89.539362 89.539362 167.199362 167.199362
11 73.612810 73.612810 151.272810 151.272810
45 48.183956 48.183956 125.843956 125.843956
131 46.119950 46.119950 123.779950 123.779950
134 45.182696 45.182696 122.842696 122.842696
151 40.967268 40.967268 118.627268 118.627268
227 38.085009 38.085009 115.745009 115.745009
241 37.912638 37.912638 115.572638 115.572638
266 33.260197 33.260197 110.920197 110.920197
301 21.393244 21.393244 99.053244 99.053244
323 19.082636 19.082636 96.742636 96.742636
339 17.320294 17.320294 94.980294 94.980294
342 12.123823 12.123823 89.783823 89.783823
369 10.372268 10.372268 88.032268 88.032268
387 10.349243 10.349243 88.009243 88.009243
438 5.805632 5.805632 83.465632 83.465632
489 4.691924 4.691924 82.351924 82.351924
712 4.672175 4.672175 82.332175 82.332175
838 4.239983 4.239983 81.899983 81.899983
867 4.164770 4.164770 81.824770 81.824770
1063 4.144266 4.144266 81.804266 81.804266
1124 4.118943 4.118943 81.778943 81.778943
1251 4.117828 4.117828 81.777828 81.777828
1465 4.102474 4.102474 81.762474 81.762474
1477 4.021769 4.021769 81.681769 81.681769
1685 3.997833 3.997833 81.657833 81.657833
1835 3.991447 3.991447 81.651447 81.651447
1916 3.989930 3.989930 81.649930 81.649930
2019 3.987246 3.987246 81.647246 81.647246
2322 3.985030 3.985030 81.645030 81.645030
2348 3.983377 3.983377 81.643377 81.643377
2447 3.983041 3.983041 81.643041 81.643041
2584 3.981768 3.981768 81.641768 81.641768
2634 3.981548 3.981548 81.641548 81.641548
2745 3.980779 3.980779 81.640779 81.640779
2748 3.980250 3.980250 81.640250 81.640250
3023 3.980128 3.980128 81.640128 81.640128
3254 3.980109 3.980109 81.640109 81.640109
3263 3.980071 3.980071 81.640071 81.640071
3328 3.979969 3.979969 81.639969 81.639969
3350 3.979964 3.979964 81.639964 81.639964
3463 3.979872 3.979872 81.639872 81.639872
3678 3.979857 3.979857 81.639857 81.639857
3808 3.979855 3.979855 81.639855 81.639855
3984 3.979851 3.979851 81.639851 81.639851
4044 3.979850 3.979850 81.639850 81.639850
4198 3.979843 3.979843 81.639843 81.639843
4346 3.979841 3.979841 81.639841 81.639841
4575 3.979838 3.979838 81.639838 81.639838
4805 3.979837 3.979837 81.639837 81.639837
5150 3.979837 3.979837 81.639837 81.639837
5273 3.979836 3.979836 81.639836 81.639836
5523 3.979836 3.979836 81.639836 81.639836
5884 3.979836 3.979836 81.639836 81.639836
6122 3.979836 3.979836 81.639836 81.639836
6455 3.979836 3.979836 81.639836 81.639836
6494 3.979836 3.979836 81.639836 81.639836
6517 3.979836 3.979836 81.639836 81.639836
6588 3.979836 3.979836 81.639836 81.639836
6598 3.979836 3.979836 81.639836 81.639836
6615 3.979836 3.979836 81.639836 81.639836
6752 3.979836 3.979836 81.639836 81.639836
7273 3.979836 3.979836 81.639836 81.639836
7618 3.979836 3.979836 81.639836 81.639836
7655 3.979836 3.979836 81.639836 81.639836
7712 3.979836 3.979836 81.639836 81.639836
7764 3.979836 3.979836 81.639836 81.639836
8027 3.979836 3.979836 81.639836 81.639836
8165 3.979836 3.979836 81.639836 81.639836
8428 3.979836 3.979836 81.639836 81.639836
8504 3.979836 3.979836 81.639836 81.639836
8747 3.979836 3.979836 81.639836 81.639836
8835 3.979836 3.979836 81.639836 81.639836
8853 3.979836 3.979836 81.639836 81.639836
8939 3.979836 3.979836 81.639836 81.639836
8969 3.979836 3.979836 81.639836 81.639836
9089 3.979836 3.979836 81.639836 81.639836
9231 3.979836 3.979836 81.639836 81.639836
9241 3.979836 3.979836 81.639836 81.639836
9401 3.979836 3.979836 81.639836 81.639836
9479 3.979836 3.979836 81.639836 81.639836
10178 3.979836 3.979836 81.639836 81.639836
10506 3.979836 3.979836 81.639836 81.639836
10557 3.979836 3.979836 81.639836 81.639836
10711 3.979836 3.979836 81.639836 81.639836
10936 3.979836 3.979836 81.639836 81.639836
11449 3.979836 3.979836 81.639836 81.639836
50000 3.979836 3.979836 81.639836 81.639836
"function evaluation" "current f(x)" "best-so-far f(x)" "current af(x)+b" "best af(x)+b"
1 919.163719 919.163719 996.823719 996.823719
2 325.806036 325.806036 403.466036 403.466036
3 277.613790 277.613790 355.273790 355.273790
10 95.048512 95.048512 172.708512 172.708512
53 91.419494 91.419494 169.079494 169.079494
63 89.391011 89.391011 167.051011 167.051011
64 86.804966 86.804966 164.464966 164.464966
83 82.740920 82.740920 160.400920 160.400920
92 72.667950 72.667950 150.327950 150.327950
334 72.229843 72.229843 149.889843 149.889843
374 66.601415 66.601415 144.261415 144.261415
585 64.939191 64.939191 142.599191 142.599191
597 62.253757 62.253757 139.913757 139.913757
828 62.092108 62.092108 139.752108 139.752108
845 62.042608 62.042608 139.702608 139.702608
847 61.995541 61.995541 139.655541 139.655541
858 61.895862 61.895862 139.555862 139.555862
1035 61.837606 61.837606 139.497606 139.497606
1096 61.824099 61.824099 139.484099 139.484099
1268 61.810487 61.810487 139.470487 139.470487
1330 61.767832 61.767832 139.427832 139.427832
1374 61.756147 61.756147 139.416147 139.416147
1458 61.723738 61.723738 139.383738 139.383738
2279 61.723464 61.723464 139.383464 139.383464
2477 61.723125 61.723125 139.383125 139.383125
2513 61.722748 61.722748 139.382748 139.382748
2749 61.722668 61.722668 139.382668 139.382668
2818 61.722308 61.722308 139.382308 139.382308
3001 61.722254 61.722254 139.382254 139.382254
3055 61.722165 61.722165 139.382165 139.382165
3091 61.721968 61.721968 139.381968 139.381968
3127 61.721934 61.721934 139.381934 139.381934
3307 61.721865 61.721865 139.381865 139.381865
3651 61.721860 61.721860 139.381860 139.381860
3755 61.721834 61.721834 139.381834 139.381834
3907 61.721832 61.721832 139.381832 139.381832
4002 61.721817 61.721817 139.381817 139.381817
4115 61.721814 61.721814 139.381814 139.381814
4163 61.721813 61.721813 139.381813 139.381813
4195 61.721807 61.721807 139.381807 139.381807
4417 61.721806 61.721806 139.381806 139.381806
4565 61.721805 61.721805 139.381805 139.381805
4652 61.721804 61.721804 139.381804 139.381804
4793 61.721804 61.721804 139.381804 139.381804
4808 61.721803 61.721803 139.381803 139.381803
4846 61.721802 61.721802 139.381802 139.381802
4939 61.721801 61.721801 139.381801 139.381801
4946 61.721801 61.721801 139.381801 139.381801
4997 61.721801 61.721801 139.381801 139.381801
5267 61.721801 61.721801 139.381801 139.381801
5369 61.721801 61.721801 139.381801 139.381801
5760 61.721801 61.721801 139.381801 139.381801
5827 61.721801 61.721801 139.381801 139.381801
5853 61.721801 61.721801 139.381801 139.381801
5949 61.721801 61.721801 139.381801 139.381801
6724 61.721801 61.721801 139.381801 139.381801
6765 61.721801 61.721801 139.381801 139.381801
6781 61.721801 61.721801 139.381801 139.381801
6820 61.721801 61.721801 139.381801 139.381801
6841 61.721801 61.721801 139.381801 139.381801
6917 61.721801 61.721801 139.381801 139.381801
6951 61.721801 61.721801 139.381801 139.381801
7115 61.721801 61.721801 139.381801 139.381801
7258 61.721801 61.721801 139.381801 139.381801
7550 61.721801 61.721801 139.381801 139.381801
7620 61.721801 61.721801 139.381801 139.381801
7744 61.721801 61.721801 139.381801 139.381801
7989 61.721801 61.721801 139.381801 139.381801
8014 61.721801 61.721801 139.381801 139.381801
8082 61.721801 61.721801 139.381801 139.381801
8083 61.721801 61.721801 139.381801 139.381801
8100 61.721801 61.721801 139.381801 139.381801
8184 61.721801 61.721801 139.381801 139.381801
9344 61.721801 61.721801 139.381801 139.381801
9632 61.721801 61.721801 139.381801 139.381801
9927 61.721801 61.721801 139.381801 139.381801
10196 61.721801 61.721801 139.381801 139.381801
10288 61.721801 61.721801 139.381801 139.381801
11392 61.721801 61.721801 139.381801 139.381801
50000 61.721801 61.721801 139.381801 139.381801
